Mixture	B cells naive	B cells memory	Plasma cells	T cells CD8	T cells CD4 naive	T cells CD4 memory resting	T cells CD4 memory activated	T cells follicular helper	T cells regulatory (Tregs)	T cells gamma delta	NK cells resting	NK cells activated	Monocytes	Macrophages M0	Macrophages M1	Macrophages M2	Dendritic cells resting	Dendritic cells activated	Mast cells resting	Mast cells activated	Eosinophils	Neutrophils	P-value	Correlation	RMSE
TCGA-61-1910-01	0	0.0911878268419746	0.0249692445290416	0	0	0.228960291540326	0	0.0846741540237072	0.0514172919782695	0	0.0169419727069672	0.0376438693717838	0.0669506477971037	0.0288750551938369	0.0723220225936726	0.170133668427331	0.0166547203534579	0.0615801554494937	0	0.0476890791930342	0	0	0	0.198750575982556	1.00274795914324
TCGA-61-1728-01	0	0	0.235845341373284	0.0419983704351818	0	0.115398759001808	0	0.0876178783538409	0.040844025821417	0	0.00584110530740126	0.071616087150832	0.0687937332828745	0.0569720823618005	0.0565714831790849	0.163883281214567	0	0.0108880153186437	0	0.0383298235753713	0	0.00540001362389369	0	0.196483526048611	0.995422709543633
TCGA-09-1666-01	0.00285145364309082	0	0.094012396854335	0.0272689950761791	0	0.0876745968366772	0	0.191114090374809	0.00495849769690237	0	0.0500305572747318	0.0400502414906959	0.0365697758225465	0.128981320768678	0.0725318446026718	0.20870375923069	0	0.0552524703279919	0	0	0	0	0	0.327839075703579	0.949273750865294
TCGA-24-1469-01	0.0851490839087346	0	0.170521386425371	0.0297644548658691	0	0.139110280916557	0	0.106979202594737	0.0428312417665204	0	0.00875253155416712	0.0407438138556293	0.0286416489514113	0.128305146905939	0.0533622232868469	0.101472765367989	0	0.0631958673645679	0	0.0011703522356603	0	0	0	0.254761287315397	0.975226969686669
TCGA-04-1348-01	0	0.0155734940991471	0.102960020570495	0.151707897991265	0	0.0976966785961936	0.013847290186746	0.129463192074018	0.056166852265461	0	0	0.0376329689564553	0.102062427759165	0.0910347870144603	0.0668164765732088	0.12090287723771	0	0.0141350366756746	0	0	0	0	0	0.379960083771905	0.925020959052256
TCGA-61-1917-01	0.0537709220095536	0	0.0591758261078582	0.0929386634929058	0	0.171561610911654	0	0.096510929999313	0.0211448123358461	0	0.00329109631104639	0.0563530076033076	0.0989883474308339	0.112687135563935	0.078022221575554	0.141157207428146	0	0.0143982192300459	0	0	0	0	0	0.331689026461827	0.947433543504851
TCGA-61-2009-01	0	0.0775072902332573	0.0982571604780079	0.179565625084232	0	0.0616389462869659	0	0.0979908672800585	0.00800937001612329	0	0.00767665680610327	0.0501191427899523	0.0599455537456853	0.0354688476387136	0.0554818065549832	0.167092711972515	0.0512212131821912	0.0203007831938822	0.0297240247373287	0	0	0	0	0.307096377631393	0.954754593349683
TCGA-31-1950-01	0.134145311723182	0	0.182936113946356	0.022957899875775	0	0.051937573285141	0	0.1367196555271	0.0278369664904805	0	0	0.0658061315171998	0.0731438602729763	0.0771146861206124	0.0351379040218736	0.125951893100397	0	0.0663120041189068	0	0	0	0	0	0.264474484081197	0.969512484263661
TCGA-31-1951-01	0	0	0.119885922976121	0.0300072091515319	0	0.139119162303456	0	0.181486183726697	0	0	0.0555657176795022	0.0445974961765278	0.0663723814620852	0.0539830016142693	0.0495159548956577	0.172750510490341	0	0.0656464507283075	0	0.00697282843090901	0	0.0140971803645938	0	0.31899937006754	0.950879826993364
TCGA-61-1995-01	0	0.0715463592525457	0.0396805647103383	0.0476763602735447	0	0.252351458594381	0	0.0429091008928544	0.106112671142522	0	0	0.0135664344133263	0.0376946929686813	0.127612660994344	0.0502098475665653	0.205079106941299	0	0.00556074224959814	0	0	0	0	0	0.300985803587219	0.962568002931265
TCGA-24-2297-01	0.10701046369431	0	0.112815418938234	0	0	0.191237016370522	0	0.092643224665748	0.0248705962351348	0	0	0.0782078722446618	0.0668409271523288	0.0990361291968195	0	0.127449589877151	0	0.0998887616250902	0	0	0	0	0.09	0.113383723429083	1.03181650606437
TCGA-24-1555-01	0.0547207825447118	0	0.0190578819467844	0.0698628566425187	0	0.225450242758174	0	0.0770964168961085	0.026357836720193	0	0	0.0591273523909651	0.053438521991497	0.133962639126338	0.0598726519428813	0.18770392677388	0	0.0333488902659485	0	0	0	0	0	0.179078204912663	1.0185478853771
TCGA-25-1322-01	0.0218361677711759	0.00143009305907159	0.107370411588689	0	0	0.178491413914699	0	0.140509729223175	0	0.00889576663237201	0	0.0985905588283168	0	0.0803916312991085	0.038419275995163	0.206202996045301	0	0.0576111138045535	0	0	0	0.060250841838375	0	0.177469929628385	1.01244025970624
TCGA-24-1427-01	0	0.0453218480301655	0.130561074932519	0.220658274584045	0	0.0385165660198772	0	0.145454152428953	0	0	0.0463378873038143	0.0090598335068704	0.0700193841155733	0.0306741199933954	0.0367848687848209	0.186459496097333	0	0.0401524942026322	0	0	0	0	0	0.279238191486159	0.968212675237495
TCGA-29-1698-01	0.120230507536296	0	0.121749945706091	0.020356005756991	0	0.156979467368118	0	0.0944304389516142	0.0592486194153628	0	0	0.0384608442312379	0.0661666199589281	0.0566812685356982	0.0490564702012617	0.148786861076445	0	0.0678529512619563	0	0	0	0	0	0.258102148454918	0.973975115852126
TCGA-23-1023-01	0	0	0.0940129828253982	0.0806004723616081	0	0.139138021242959	0	0.0750481819237149	0.073207454169649	0	0.0458534446595966	0.0345337891226336	0.0747550064259477	0.152789471792166	0.0548399414573802	0.0958176077866536	0	0.0544447217542268	0.0208825588710305	0	0	0.00407634560703601	0	0.282021248418311	0.967844629067011
TCGA-13-0924-01	0.0811586833333679	0	0.0718723925675141	0.136573629403165	0	0.0411403297214133	0	0.157984880651104	0.0427247881927001	0	0.0374969706191775	0.0417511582550332	0.112189641392115	0.0615752736301825	0.0448758470080871	0.117911147749418	0	0.0312798122698045	0	0.0214654452069173	0	0	0	0.366516109919783	0.930668531291391
TCGA-24-1847-01	0	0.067964496037873	0.073162113626725	0.169032540460748	0	0.0709872146271401	0	0.108126256632531	0.0602497502548263	0	0.0430944262748803	0.00838359300216034	0.0783451199401686	0.0111226578169832	0.0645131181773235	0.166111648124315	0.0193021886608043	0.0346069342959779	0	0.0249979420675438	0	0	0	0.371086189961063	0.92855377279861
TCGA-24-1843-01	0	0.0197662925863811	0.130675349788147	0.129385353709993	0	0.135386390331631	0	0.0707116243841832	0.0476894982913879	0	0	0.0715086363568436	0.0523637661199794	0.103340675038961	0.0448261638087295	0.156460836447767	0	0.0376757838773878	0	0	0	0.000209629258609153	0	0.355634762440207	0.935761339950992
TCGA-25-1321-01	0.0261177304105606	0	0.145701573658348	0.0123082443212159	0.0448032610407733	0	0	0.159517532669804	0.00680160582759587	0	0	0.14659580352957	0.105460457982146	0.0442813432207023	0.0396628983089113	0.151463336096877	0	0.0649209084028539	0	0.0246881766118891	0	0.0276771279187524	0.04	0.128645385970738	1.03078739128001
TCGA-30-1891-01	0.0625752676193832	0	0.190760012928425	0.106308604196089	0	0.198070469240488	0	0.0346430676984059	0.0276079270295625	0	0	0.0213351212943885	0.0302781908143973	0.0851666611389531	0.0514181898046409	0.157484493834259	0	0.00214215692777633	0.00267659249557778	0.0130723134470418	0	0.0164609315306113	0	0.295025723685051	0.959005218950706
TCGA-25-1326-01	0	0	0.17265138054476	0.0443712319570631	0	0.243104498097701	0	0.0610410516889263	0.0178718371685733	0	0.00534179154461654	0.0227502226115961	0.0449348471240027	0.106488013720977	0.0658473295405093	0.190293248315108	0	0	0	0.00786852046265495	0	0.0174360272235117	0	0.300684325449352	0.958192989252947
TCGA-29-2414-01	0.108696467876759	0	0.217532777740922	0.0310431599248435	0	0.0978794438227419	0	0.116819917817838	0.0134140202480435	0	0	0.0246930107043875	0.0111444543881276	0.153523800971309	0.0109053338757213	0.163484871486271	0	0.0391377272974506	0	0.0117250138455851	0	0	0	0.154461296173765	1.01219435897246
TCGA-09-1670-01	0	0.0628636151427398	0.07152017580508	0.0163408486419522	0	0.205094093941851	0	0.100710643358128	0.0153642495041767	0	0.0210007102537393	0.0128910731012623	0.143022914241044	0.0152411702978543	0.0417042751573929	0.20597629014995	0	0.0561897595695997	0	0.0191173097545985	0	0.012962871080631	0	0.233695839049713	0.984863022193694
TCGA-24-2033-01	0.0994365257727763	0	0.101397173807333	0.0905375403441438	0	0	0	0.140499627861922	0.031858172474842	0	0.00779971410092966	0.0341400164869118	0	0.11668498823873	0.0477516131457347	0.239007129256125	0	0	0	0.0601505921121851	0	0.0307369063983663	0.01	0.136624934965579	1.02653076505016
TCGA-29-2414-02	0.0951776261311316	0	0.0575896775315128	0.123659217567273	0	0	0	0.228345663214837	0.0141625232242913	0	0	0.0524027209630102	0.0549746563252449	0.043486776779189	0.0776055967556481	0.177715190511254	0.0293979587119348	0.0373200778881807	0.00816231439649373	0	0	0	0	0.379016919218308	0.925342420642571
TCGA-61-1741-01	0.100782560112017	0	0.149437405574714	0.0283273985357113	0	0.149006321271602	0	0.10026909080508	0.060919198327879	0	0	0.0248600953187988	0.0381589925316419	0.106997919304154	0.0527240544193441	0.138892056480172	0	0.0496249073188855	0	0	0	0	0	0.264119151087078	0.971503580533607
TCGA-31-1953-01	0	0	0.0455306911712737	0.0885897606292443	0	0.178896257962469	0	0.0989422888611522	0.0343655467228123	0	0.0336339566039009	0.0631084219753129	0.0836925155977056	0.0428248538108234	0.0760556321701204	0.137961472559309	0.0980808222960857	0	0	0	0	0.0183177796397912	0	0.394400020150413	0.918850807682371
TCGA-30-1855-01	0.0381296209072726	0.0307144802820378	0.00263784204487911	0.10327204659455	0	0.173083445876167	0	0.128186187192109	0.0644578626989629	0	0	0.0656145086509637	0.0582631081427611	0.0525761374542245	0.065580191833954	0.16142224485761	0.00246037602034906	0.0342782405262024	0.00935381737587828	0	0	0.00996988954207844	0	0.290041771176859	0.969378360449739
TCGA-25-1324-01	0.119811542503464	0	0.142801061278336	0.128612569632174	0	0.0456261893342424	0	0.168762678618357	0.0208712210780792	0	0	0.00761680447339557	0.0355630171883438	0.166842917753381	0.0493011653100187	0.0381246602235265	0	0.0760661726066803	0	0	0	0	0	0.231163291447691	0.987760200106557
TCGA-09-2056-01	0.0331552023869981	0	0.0768541597454539	0.130276876707466	0	0.210894358774741	0	0.0630809776517946	0.0484123151408182	0	0.00659432824341164	0.0277965360881648	0.0697632009982636	0.00996724557346211	0.0438206506055487	0.129974596575819	0.043095076088303	0.0557981933289812	0	0.0325593337934431	0	0.0179569482973305	0	0.290540471822076	0.963846762216963
TCGA-29-1701-01	0.0302503385540963	0	0.0965550564697437	0.0981350328989651	0	0.136335537848335	0	0.13446639162554	0.047726269701158	0	0.0452726010902075	0.00180981990695647	0.0667647385198533	0.0749003016272462	0.0600835908233159	0.174961051309698	0	0.0272797279353766	0	0	0.000566716035496095	0.0048928256540124	0	0.316134670523332	0.952545844987038
TCGA-25-1633-01	0.110999207337163	0	0.0328230378205099	0.138266724532689	0	0.122060276498128	0.00881914238340229	0.0886513019104605	0.0688400759795458	0	0	0.010144550141265	0.0395308124181002	0.0670468551176041	0.0561397260471306	0.180862522315539	0	0.044962570341785	0	0.00611677192960513	0	0.0247364252270714	0	0.315903476053037	0.953867007546388
TCGA-25-2396-01	0	0	0.0995549430275787	0.0665072997000614	0	0.115157503797963	0	0.133445135900834	0.0894728816037411	0	0	0.0811858860634639	0.069981926790705	0.0939370451047288	0.0607185915240283	0.148748890958853	0	0.0412898955280429	0	0	0	0	0	0.318017977418082	0.953193250637105
TCGA-61-1914-01	0.109558958166594	0	0.150237251875499	0.0216509505891067	0	0.149300522235734	0	0.0881136584928948	0	0	0	0.0499317682550057	0.037620215324074	0.082645589904287	0.0448202906238034	0.164728100261905	0	0.0575292937523581	0.0163667489624065	0	0	0.0274966515563322	0	0.312741707731391	0.951140985963682
TCGA-61-2094-01	0.0184686953537163	0.0411224077997618	0.171016645896976	0.127787662273516	0	0.127541710616635	0	0.160211239224806	0	0	0.0138514477419449	0.0183705406379414	0.0279420920438452	0.0633873055711855	0.041106894959121	0.0898580384627244	0.0627613606474962	0.03657395877033	0	0	0	0	0	0.405456223179188	0.913917211318291
TCGA-29-1705-01	0.130728977748227	0	0.102336499615111	0.0590638125529708	0	0.20859406294943	0	0.0610863086492397	0.0352836709861942	0	0	0.0417497433993756	0.0649541543610943	0.0917377357083724	0.0328116507828109	0.148263242721676	0	0	0	0.0225716848737976	0	0.000818455651700653	0	0.236836060069375	0.984616691442574
TCGA-36-1580-01	0.0235988986306447	0	0.0769239631077916	0.10412064689038	0	0.181420261691877	0	0.0800126981954699	0.0712384635213563	0	0	0.037115876011136	0.0636684968651566	0.0821644113018185	0.0614447873960669	0.13844720510375	0.0468005105886793	0.0258102073883982	0.00300399153670721	0.00233851839007556	0	0.00189106338069222	0	0.339473554963806	0.942854097445538
TCGA-25-2401-01	0.0314041863062245	0	0.110818026815848	0.0684717741201318	0	0.139876284808073	0	0.0872306009684749	0.0371966072314912	0	0	0.0222730233455288	0.0818665415120331	0.126945483476504	0.0674894226973922	0.171351444731942	0	0.0403556684664362	0.00183694188019999	0	0	0.0128839936397203	0	0.362026957079177	0.932456972984639
TCGA-5X-AA5U-01	0.0494832874912911	0.0317609149466025	0	0	0	0.105540352792372	0	0.157853486228825	0	0	0	0.108591216642354	0.0610365819646522	0.192686333342309	0.021350871631601	0.0584785845731852	0.0866436868296523	0.0650669100458978	0	0.0615077735112579	0	0	0.34	0.0790397851864281	1.0608975684604
TCGA-13-0916-01	0.0871993036159776	0	0.157632575872158	0.111747484485539	0	0.058739386811434	0	0.0933140589899819	0.0408062819780027	0	0	0.0509536265579271	0.0262937618085957	0.107824684177908	0.0744660045763039	0.149844694546644	0	0.0302586163823758	0.0109195201971523	0	0	0	0	0.305727501317854	0.955297014007466
TCGA-23-2084-01	0	0	0.138289671680492	0.0149761230961629	0	0.187756945849659	0	0.074734458150967	0.0423294243809478	0	0.0239757745869518	0.038976160576438	0.130032373064011	0.0525582175659156	0.0604409587168325	0.17312916538183	0	0.0618419478288364	0	0	0	0.000958779120956491	0	0.258218323426303	0.97474008893961
TCGA-36-1577-01	0.219149792706332	0	0.062367885915968	0.0627069961695545	0	0.115429749161074	0	0	0.056262412845793	0	0	0.0996752048465347	0.0676777293570563	0.0709348129666409	0	0.126756484788384	0	0.0752572269773884	0	0	0	0.0437817042652741	0.55	0.0558993581041382	1.06363239390719
TCGA-24-1551-01	0	0.0189575559918338	0.0183723153923404	0.164264819252754	0	0.108812287322385	0	0.0793706468633994	0.0715445904541752	0	0	0.0721054124049049	0.0971018881232346	0.0752545135499014	0.0751391251647253	0.135545257937627	0.00848440044529971	0.0233611384394548	0.0275762048321387	0	0	0.0241098438258256	0	0.329362935909712	0.950318168508172
TCGA-61-1998-01	0.086887006916363	0	0.0495163361936513	0	0	0.252922221324356	0	0.0420531944199508	0.018914423669444	0	0.0176556692060948	0.0351636175541252	0.0890985621109535	0.104335483773647	0.0443396282201524	0.201048630068004	0.0318536731871109	0.0140571177846173	0	0	0	0.0121544355715287	0	0.297263620946492	0.960935573788061
TCGA-20-1684-01	0.030720033271097	0	0.174328093029023	0	0	0.0927411371913068	0	0.084386460428705	0.112943081524228	0	0	0.0819775743136918	0.0612125718568005	0.0902566884809916	0.0407545808083461	0.14887399680942	0	0.0523616378245592	0.0294441444618298	0	0	0	0.16	0.102114000061164	1.03062471786409
TCGA-24-1556-01	0.0402204091028229	0	0.131187759900886	0	0	0.0655200195858834	0	0.176096844130789	0.0481229104640606	0	0.00403993642404535	0.0476043021532343	0.0834598857892304	0.120895310647064	0.0845407299370196	0.173813444650558	0	0.0244984472144064	0	0	0	0	0	0.306333911070168	0.956114330544966
TCGA-57-1582-01	0.109617246813514	0	0.142188030861347	0.0524967774120104	0	0.131464143468594	0.000315229975222822	0.077745332697198	0.031531732375633	0	0	0.0440121401873538	0.0437015809615169	0.134843112434078	0.0595858147007555	0.164476874158972	0	0	0.00802198395380477	0	0	0	0	0.25425875318445	0.976225400444087
TCGA-04-1362-01	0.104108733370193	0	0.0810112958527833	0.0151023721883514	0	0.28514733045944	0	0.0151802159254918	0	0	0.0188243733908746	0.0480610091833358	0.15713403458326	0.0579063385896599	0.0201786948301072	0.108688724459384	0	0.0687356032933957	0	0.0199212738737233	0	0	0	0.140717932351429	1.02257893619166
TCGA-61-2113-01	0.0287651970102049	0	0.0963381167706915	0.0321855455566444	0	0.266874872421079	0	0.0949657628608286	0.00528751337899386	0	0.0372306920827422	0.00820998220059946	0.0322216849041812	0.0872254430614551	0.0526250492103843	0.160058426512527	0	0.0593299621084612	0	0.0319240630846943	0	0.00675768883651308	0	0.282141712986501	0.966984880026863
TCGA-24-1924-01	0.0224155326000224	0	0.142100507133749	0.125210880504995	0	0.116707011998374	0.0125251222124506	0.157407335240737	0	0	0	0.0260875021190606	0.0457018647438799	0.0631230965249751	0.0718646349732604	0.160043761746952	0	0.0231676853797957	0	0	0	0.0336450648217487	0	0.370345743360617	0.928675300987963
TCGA-31-1946-01	0	0	0.113941795428958	0	0	0.196364711021764	0	0.157854127852008	4.1730893113412e-05	0	0.0526913494504975	0.0366367758515402	0.0832451260274676	0.0556301713329395	0.0552284978012535	0.181756328598262	0.0191969263164202	0.0165260017700761	0.0308864576556998	0	0	0	0	0.304353225760056	0.956029339170338
TCGA-29-1699-01	0.0618745697482758	0	0.0839752486008475	0	0	0.176116774149176	0	0.0612151171412273	0.0262795557937938	0	0.0345968032026678	0.0464839639399207	0.117820748961756	0.0533248877027852	0.0547682352768461	0.184494716673883	0	0.0755646716201525	0.0234847071886686	0	0	0	0	0.332278236533129	0.944314040737879
TCGA-61-2002-01	0	0.0382597541619458	0.108699673955396	0.0369957359837617	0	0.166134738603599	0	0.1541291591301	0.029540187297081	0	0.0293363893812887	0.0590453997079867	0.0629019185779422	0.0267890064872718	0.047340722174117	0.12197039176482	0.0523456349113295	0.0486961169695869	0	0	0	0.017815170893774	0	0.367274687024579	0.929916088255294
TCGA-24-2035-01	0.0955649468607698	0	0.0547876970573066	0.0694807549426512	0	0.152591564788107	0	0.0623227179487067	0.0254811020794063	0	0.0282788555767	0.0202491923564499	0.0702992706442362	0.032023691173228	0.059877145690132	0.226140074034266	0	0.00958360813933889	0.0522063840758626	0	0	0.0411129946328381	0	0.358171701768174	0.933511190370369
TCGA-09-1674-01	0	0	0.327592870106882	0.0547471480567356	0	0.272799134991694	0	0.0953807813258095	0.0102784915713226	0	0	0	0.103972068389932	0.13478850014358	0	0	0	0.000441005414043494	0	0	0	0	0.74	0.0330819106880752	1.06020998388488
TCGA-29-1710-01	0.0661641895823856	0	0.106649120034801	0.0809402087200525	0	0.123052035312994	0	0.0767895767422403	0.0925480606974241	0	0.0212728550268276	0.0551285303131211	0.0460074720156077	0.0224670112509565	0.0530413800722954	0.132391263007835	0.100177795541336	0.0127896199467051	0.0105808817354181	0	0	0	0	0.385087196394336	0.922172995198949
TCGA-24-1436-01	0.0362389084720704	0	0.106122943125145	0	0	0.147626798939835	0	0.137140915139219	0.0334571616252411	0	0.0517043664907497	0.0647331267079584	0.0746266113821906	0.0397007958507449	0.0458564781112172	0.179055387078902	0	0.0742892480017102	0	0	0	0.00944725907501751	0	0.273235543121719	0.969923408679239
TCGA-13-1497-01	0.0399931351016385	0	0.16602629319773	0.0557701333304868	0	0.160135079450432	0	0.112038785580572	0.00273651421676651	0	0.00534745500068062	0.047707274733443	0.0496820027663033	0.101698206055854	0.0540031859995291	0.141815199045108	0	0.0630467355214566	0	0	0	0	0	0.294106654786573	0.959879026231752
TCGA-24-2271-01	0.124956661562834	0	0.0835520888399226	0.0725624043712011	0	0.146127042336223	0	0.118083217594257	0.0538219421872028	0	0.00345386883467104	0.0364693978184918	0.0858669407897409	0.105118942368517	0.0441406974484848	0.0858748657396831	0	0.033737891154365	0	0.00623403895440616	0	0	0	0.328921686192206	0.946720503657718
TCGA-24-1552-01	0.164658596036964	0	0.190158534276064	0.0335655359936433	0	0.140718000981085	0	0.05556171206278	0.014599920974715	0	0.00421067049214186	0.0284040316922678	0.0114770583857372	0.155115678600599	0.0186133086779718	0.138293619822559	0	0.0335771339190314	0	0.0094305724636704	0	0.00161562562077026	0	0.160226831049634	1.01155943475111
TCGA-61-1724-01	0.148392650097047	0	0.171751906562849	0.0532179517365669	0	0.119041093481405	0	0.0483514381373198	0.0217610855274328	0	0.0142948711790683	0.0335997766768623	0.03992317977629	0.107589090640325	0.036669088054851	0.147655048123355	0	0.0507722489415637	0	0	0	0.0069805710650645	0	0.258066978347197	0.972714739759023
TCGA-20-1685-01	0	0.136508262523821	0.00547463572738751	0.0404650130963117	0	0.276498951321026	0	0.0107766796928742	0.0940035673573	0	0	0	0.0756892488993221	0.0133898077946355	0.0771964350700725	0.213435961777952	0.00970835388398259	0.00850030584596656	0	0.0353582828059722	0	0.0029944942033766	0	0.276976525216352	0.971600244908344
TCGA-24-1423-01	0.102616655866593	0	0.153637196103129	0.0180755136118511	0	0.109103470710849	0	0.131700284334207	0.011205708781817	0	0	0.0720627163585465	0.0428010172271205	0.116542278183465	0.0364513233162829	0.129784676570702	0	0.0751280538639523	0	0	0	0.000891105071485153	0	0.231268049859606	0.984385338044971
TCGA-25-2398-01	0.0252083378081892	0	0.092745666596893	0.0196051994453945	0	0.260802905774597	0	0.0794301511243572	0	0	0	0.0699476109932697	0.0798718148259023	0.146733832948331	0.0544667750432581	0.144232764510188	0	0.0252876344477187	0	0.00166730648190073	0	0	0	0.255005748411313	0.980587640328293
TCGA-29-1763-01	0.128931227831258	0	0.0711960437033523	0	0	0.187909452651748	0	0.1299418350053	0	0	0	0.088161796846362	0.0426033742139718	0.0727647139281682	0.0407014030195152	0.171281458515859	0	0.0536884939839934	0	0	0	0.0128202003004728	0	0.176323288811764	1.01135401402024
TCGA-29-1703-01	0.183996406827171	0	0.144682841069812	0.021037856157487	0	0.217734574702944	0	0.0442972544982947	0.0272632907391561	0	0.0135811834850803	0.0448507988517348	0.0299226367890552	0.0284942157140274	0.0399770890851335	0.145201447539078	0.0195176611306734	0.0394427434103515	0	0	0	0	0	0.165992661639334	1.0108759245781
TCGA-10-0936-01	0.00980031729500285	0	0.178517165705179	0.157089023143367	0	0	0	0.171203627085981	0.111084261859051	0	0.015877978587627	0.0573958864780367	0.0564439246667193	0.0689856548227842	0.0469512821431989	0.0966942792445716	0	0.0299565989684814	0	0	0	0	0	0.235176798257858	0.987358856938016
TCGA-25-2409-01	0	0.0174163267041889	0.0782018752279371	0.077882408144195	0	0.133993034812933	0	0.0593599082853947	0.0584990466724257	0	0.0782910364618727	0.0260720521559734	0.109431972220263	0.046602090331716	0.0755468271722034	0.206361014924707	0	0.0296854505301727	0	0.00265695635601781	0	0	0	0.290040293673849	0.964991748681491
TCGA-30-1718-01	0.0998950407407485	0	0.115491115014914	0.0665741533124124	0	0.153364803680797	0	0.0704818152192691	0.046766207960896	0	0.00358014384362218	0.0330625438738505	0.0603230144507629	0.100333737452823	0.0414902496691506	0.138921013541102	0	0.0598847189677483	0.00983144227190368	0	0	0	0	0.29133452435425	0.960826798997923
TCGA-29-1711-01	0.00246729979922904	0	0.0665689436377208	0.0688490102861673	0	0.111888415558204	0	0.195169445979319	0.0217889090340576	0	0.0213166201747306	0.0831507651296414	0.0952157517681476	0.0480291310873492	0.055523174731061	0.127158490075409	0.0562284445862285	0.0466455981527345	0	0	0	0	0	0.337364230636735	0.944827886612872
TCGA-61-2008-01	0.108249864796239	0	0.184576987176768	0.100812874662388	0	0.135742440516788	0	0.0619518283531984	0.0314717994246926	0	0	0.0390932273459319	0.0822694716982258	0.0496338978941075	0.0316534310732302	0.148595187308834	0	0.0259489897495964	0	0	0	0	0	0.196456638825898	0.99577810484969
TCGA-61-1740-01	0.0512567008043354	0	0.157202615140148	0.0549808011496057	0	0.168176737975546	0	0.126290880364394	0.0104489658677322	0	0.0410693051413571	0.0171663887820709	0.0525784053746129	0.0297301324026488	0.082286692174113	0.189193998666977	0	0.0196183761564587	0	0	0	0	0	0.387385590754043	0.921278241455971
TCGA-29-1785-01	0.01254346434571	0	0.086278949290079	0.108791923253721	0	0.0799818243383586	0	0.115258370518657	0.0579928877590851	0	0.00595550358853104	0.0966762823616119	0.0296418908790264	0	0.0830958157846738	0.268051137140766	0	0.0376278411298538	0.0130531062921541	0	0	0.0050510033177731	0	0.388874696340689	0.921915104050797
TCGA-13-1506-01	0.132037320598428	0	0.115559770587456	0.0771599011736746	0	0.154301957205272	0.00392825572853331	0.0402164073363717	0.0516820347189216	0	0.0179967590647104	0.0350520489851952	0.0595351120198513	0.0714530905876737	0.0334954023830225	0.103061480260658	0	0.0740588861201152	0	0.0118607094663551	0	0.0186008637637611	0	0.211081923843398	0.992734682270212
TCGA-29-1781-01	0.0168625155432584	0.0387763698716914	0.191007959034324	0.120974614310968	0	0.041858406063517	0	0.112416215466484	0.039327760135628	0	0.0704663619057072	0	0.0831743877218818	0.0238740658018324	0.0430130890254916	0.170090440489845	0.0312797823975317	0.0168780322318385	0	0	0	0	0	0.413853519620668	0.911185192771076
TCGA-36-1570-01	0.0756142968819016	0	0.154122261418262	0.0201616433515011	0	0.155129644285108	0	0.0730218657573373	0.0305935502091304	0	0	0.0686578741061197	0.0508306082034622	0.0953240893443279	0.0409124420946318	0.158870902645085	0	0.0636144037922796	0	0	0	0.0131464179108538	0	0.201161252494223	0.995595269113469
TCGA-24-1930-01	0.0206547056748861	0	0.152800088724884	0.0728907218513261	0	0.161254306631422	0	0.0972712465097252	0.00920161103752216	0	0	0.0495388065215869	0.101395808724269	0.0360401935552816	0.0595053919157879	0.186115809708407	0	0.0338328962731875	0.0172389361422884	0	0	0.00225947672942671	0	0.363847037387361	0.931091027000243
TCGA-13-0799-01	0.057031215521175	0	0.167137683921487	0	0	0.0379474038050304	0	0.152208267235504	0.143584093605723	0	0	0.0934466631284044	0.0800846716482509	0.0659316966589908	0.0660655734476973	0.089832623933355	0	0.0450920702483587	0	0.00163803684602328	0	0	0	0.18222087132924	1.0060282969481
TCGA-30-1862-01	0.0404054653757622	0	0.161281560097687	0.0817477081490247	0	0.200196204052939	0	0.0977676736554645	0	0	0.00715085238841131	0.0293881400897542	0.0974644806579509	0.0445148016192736	0.0352506174267587	0.151222533093283	0	0.0486206535317064	0	0.00498930986198491	0	0	0	0.239551643464741	0.980942176332066
TCGA-23-1114-01	0.211530785054882	0	0.0300870046512315	0	0	0.227963431234442	0	0.0537632812037433	0.0066552299082593	0	0	0.0152430941847786	0.0443132547337324	0.119206049002557	0	0.128342273247583	0	0.0792131140411675	0	0.0836824827376246	0	0	0.43	0.0689284130121058	1.05684996569397
TCGA-25-1626-01	0.0398599485824069	0.00265134567145374	0.0999382368993942	0.142218291504946	0	0.139843716557218	0	0.139731015577229	0	0	0.00883271783902231	0.0320814818614678	0.060224365810345	0.046976228760099	0.0406479683818806	0.115404417320111	0.0340923411462989	0.036843834517846	0	0.060654089570282	0	0	0	0.319102771982614	0.950761220700467
TCGA-61-2097-01	0.118245593478783	0	0.0353062816255024	0	0	0.243531188611074	0	0.111809824390426	0	0	0	0.0730554479061345	0.0473715372947582	0.0447474698213159	0.0245347252380796	0.151081013695917	0	0.0896319143049485	0	0.0197666004315017	0	0.040918403201559	0	0.193691135606746	1.00559506552063
TCGA-24-1616-01	0.118508004663608	0	0.064465837201103	0.0280587122666593	0	0.196576825589597	0	0.0632060857309494	0.0351949738291159	0	0.00729023893216226	0.081804582817538	0.0591016550345449	0.118266638659666	0.0585448722360044	0.134022850427288	0	0.0162986671198764	0	0.0186600554918868	0	0	0	0.146254024507052	1.02559207089848
TCGA-23-1109-01	0.0823996800285333	0	0.0668161359981367	0.110898975638479	0	0.0997785915591027	0	0.134398121008865	0.0273026089107054	0	0	0.0465754219387381	0.0644341699973722	0.0408194592699535	0.0434871593965017	0.142752132747531	0.0868212835553887	0.0385758357606657	0	0.0149404241900274	0	0	0	0.281617150440611	0.9656327196292
TCGA-29-2427-01	0.0145797238045082	0	0.0872689603853315	0.137310903591592	0	0.110863198515494	0	0.0624640845941439	0.0498592659984033	0	0	0.0499780348988201	0.0679670286805553	0.0822811695957264	0.0674617914423404	0.189917698985731	0	0.0160444167282692	0.0640037227790848	0	0	0	0	0.411116222756946	0.910856475714608
TCGA-29-1695-01	0.0082806464046347	0	0.0119150276221835	0.0759160802676167	0	0.225984449180966	0	0.0843785247901014	0.043559211010299	0	0.010866220180607	0.015332553130922	0.0455383419899574	0.163687790567729	0.0676812647468662	0.184388325235793	0	0.0121616115888212	0	0.0314957746368178	0	0.0188141786466845	0	0.351886299357006	0.940829822059477
TCGA-61-1737-01	0	0.0396074117581536	0.0890798714809677	0.0691369038061183	0	0.188757675675567	0	0.115574782334841	0.0192214904545072	0	0.0125698222133171	0.0688612581831244	0.0577314302746076	0.0606699832711808	0.0688312349476959	0.176441414700173	0.0133894984052229	0.00492141359234104	0	0.015205808902183	0	0	0	0.269406265309353	0.973849038237159
TCGA-29-2425-01	0.0833547792364469	0	0.151222876429735	0.0455726661486779	0	0.171167907957085	0	0.0900329509137917	0.046407468774806	0	0.0237251990664976	0.047854124633101	0.0427573559156895	0.0819475999652695	0.0569483397808346	0.110355215785817	0.0282369320801246	0.012943064191151	0	0.00747351912097282	0	0	0	0.23085652570605	0.984766634245153
TCGA-09-1662-01	0.0250759762173975	0	0.0369388725988587	0.0713689612408391	0	0.267768727822465	0	0.0498286471203096	0	0	0.0120641466373919	0.0950083638194281	0.0943050123428499	0.0533976917744162	0.0628274878126245	0.158519251842409	0.0466155325022717	0.0146354478094026	0	0	0	0.0116458804593359	0	0.322293707650061	0.953710539201602
TCGA-13-1512-01	0.0113980930235765	0.0236947079538779	0.0376929405397101	0.0595212411540576	0	0.0856673916795211	0	0.163361886030612	0	0	0.0254367252216768	0.0535891620804805	0.0993208360736177	0.0867313250427902	0.0898755377609224	0.157732865481643	0.0481792454313465	0.0264045890853543	0	0.0313934534408139	0	0	0	0.308287689603893	0.957289904088354
TCGA-29-1697-01	0	0	0.286511151655255	0	0.0361812532799264	0.051778500110409	0	0.0895330287141546	0.00366346345524939	0	0.00300750354819014	0.124088652162374	0.039188738435466	0.0771182676315999	0.0535016780484348	0.163980009703874	0	0.0714477532550666	0	0	0	0	0.04	0.128949132172094	1.02370266125232
TCGA-24-2024-01	0.107948476721058	0	0.150062746987873	0	0	0.180864949450688	0	0.106527498248226	0	0	0.0198251239378345	0.0460257690149713	0.0161143286264576	0.139932005967066	0.0198183324330612	0.115154718112464	0	0.0579010808564614	0	0.0215271260196781	0	0.0182978436241602	0	0.214456253489778	0.990895760372199
TCGA-57-1583-01	0.0702753989567746	0	0.142892282619225	0	0	0.127221493872675	0	0.12753785667413	0	0	0.0568423802728342	0.0516853963077691	0.0364613186046043	0.125139952220281	0.043915786777836	0.133468916788688	0	0.0768321341859018	0	0.00772708271927985	0	0	0	0.151906869449911	1.01661216545974
TCGA-24-1562-01	0	0	0.042655267939918	0.0795993881905325	0	0.283386612578333	0	0.00550266016082275	0.124492959175668	0	0.0175349356333389	0.0360789781817024	0.05386880657241	0.0387433324270294	0.0267348210592821	0.140704794741272	0.0613982634401701	0.0462448255248522	0	0.0430543543746688	0	0	0	0.257154041709229	0.981683220508337
TCGA-57-1584-01	0.0745336178164802	0	0.088908843684434	0.0615221410912962	0	0.268911940535999	0	0.0271834493285215	0.0167530512820489	0	0.00228557874237485	0.0473573583053112	0.161894750895213	0.0275761783320913	0.030519486409539	0.146752833300117	0	0.0386634402677383	0.00713733000883534	0	0	0	0	0.169902581255555	1.01246039257546
TCGA-13-1411-01	0.00420006292012979	0	0.0518821853468506	0.109129927469557	0	0.181166207773647	0	0.0570463861574027	0.016706980071456	0	0.0490027312960533	0.0306038888896406	0.0585488927149206	0.0641813549631546	0.0788873943515903	0.186368842967297	0.0682603932745603	0	0	0.000953620879162147	0	0.0430611309245784	0	0.396608952761165	0.917719166349984
TCGA-61-2088-01	0.0613634619712858	0	0.0483085402839399	0	0	0	0	0.320008172727064	0	0	0.00940786181128369	0.10530322152311	0.127369776086801	0.0791149239285876	0.0197766073905968	0.21335432002365	0	0.0159931142536808	0	0	0	0	0.43	0.0707902553888309	1.06284204802908
TCGA-25-1625-01	0.0563585339904767	0	0.0925217100414858	0.0563286613924841	0	0.211464414592353	0	0.0644019897612439	0.0194934585843126	0	0.00521871219893642	0.0431705990895781	0.0457752141444483	0.0601132794590082	0.029855025228682	0.194329904775762	0	0.0581790902888538	0.0300196860420575	0	0	0.0327697204103168	0	0.248320863013831	0.978535851781638
TCGA-24-2288-01	0.0777796432163831	0	0.174326098510565	0.112519636176733	0	0.0912430756408951	0	0.152719545261799	0	0	0.0518081830759142	0	0.0387628565565765	0.0282588934399664	0.0499419301532013	0.177255760009877	0	0.0433410618865531	0	0	0.00204331607153567	0	0	0.340932936729794	0.940418137388215
TCGA-25-1623-01	0.0388704645861995	0	0.103594859277144	0.0846685850153601	0	0.140212626187629	0	0.110063993890384	0.0375398731146502	0	0	0.0427944826695933	0.0391371161154068	0.147225277247747	0.0543159013208401	0.152641201732553	0	0.025535167258984	0.00398246156504267	0	0	0.0194179900184676	0	0.377050819345242	0.926160860075718
TCGA-25-1312-01	0.0956971281842144	0	0.153386775368459	0	0	0.265382634515898	0	0.0619056392637603	0.0120281449515461	0	0	0.062466583232718	0.0687067289155985	0.0474776796331679	0.0319949140128914	0.151032354932045	0	0.0482986731619084	0	0	0	0.00162274382779281	0	0.155748247310203	1.01337263945431
TCGA-61-1725-01	0.0734646375277604	0	0.121404616265848	0.0818636689104983	0	0.146137922048328	0	0.0924608133769939	0.023651880417664	0	0.00465811912196904	0.0499258022570766	0.00308886932977827	0.0742559827945629	0.0629262962121246	0.189575374451349	0	0.015279544531806	0.0178932452991621	0	0	0.043413227455079	0	0.294857423472449	0.960218520013353
TCGA-25-2042-01	0.105828814138632	0	0.0681986055497063	0.0742820819054531	0	0.218318300333498	0	0.0478825145493192	0.0236907067663709	0	0	0.0326451850701806	0.030984822444336	0.0608003326933958	0.01155063286676	0.178302336314418	0	0.0547749739858564	0	0.0358873927251956	0	0.0568533006568778	0	0.239692420394039	0.984006280692022
TCGA-23-1026-01	0.0431885644945146	0	0.0772072620424073	0.0254812332896521	0	0.116294845022627	0	0.175851408754865	0.0376004476863306	0	0.0948474141415044	0.03701719204709	0.0913527945110322	0.0189618925675987	0.0366209428618596	0.185387887877997	0.0177170945679717	0.0424710201345491	0	0	0	0	0	0.334019400393317	0.945043847160761
TCGA-29-1770-01	0.134363132900606	0	0.177133464904237	0.0118871477920658	0	0.155101399223998	0	0.0537564730422168	0	0	0	0.0484243507458387	0.0625933900301191	0.10600078063434	0.00387879643099001	0.150773372412024	0	0.0726638728124125	0	0.0128425288613014	0	0.0105812902098501	0	0.220170023319143	0.986347998167683
TCGA-09-2054-01	0.169533452020594	0	0.149920548679474	0	0	0.0452477086713329	0	0.136793296072067	0.0103542650182953	0	0	0.0614825931056061	0.0383735810341926	0.105444275561229	0.0452833070383258	0.235989042340449	0	0	0	0	0	0.00157793045843586	0	0.215352667646745	0.992757337040304
TCGA-61-1919-01	0.00729394902542476	0.0145922861868736	0.0847146403349828	0.025055226168314	0	0.221844363058629	0	0.0638410889537319	0.021752381091765	0	0	0.0585065102902086	0.0525598837676582	0.0973442074240708	0.0695128675070319	0.166480158921689	0.036077436985099	0.0402971489414296	0.0230584106788561	0	0	0.0170694406642357	0	0.37093790333426	0.928525831514243
TCGA-61-1900-01	0.151147981501908	0	0.158537804808821	0.054044168584034	0	0.0618083225242456	0	0.140709885481333	0	0	0	0.119219314282296	0.0358630040125195	0.0720290212248008	0.0412533260863744	0.160549349674862	0	0	0.00483782181880619	0	0	0	0.46	0.064784473257277	1.05404353678284
TCGA-24-1558-01	0.0691449181630048	0	0.107952073312221	0	0	0.206623251263	0	0.125232368348931	0	0	0.0224520055329357	0.0464201021155666	0.0748513453837921	0.124919399385247	0.0228378869588931	0.113104341056531	0	0.0613002094746106	0	0.0251620990052661	0	0	0	0.17871672442202	1.00633247831172
TCGA-59-2354-01	0	0.057351512074087	0.0941353181652967	0.110082888000665	0	0.0766797668526717	0	0.114702930716898	0.0678409654824505	0	0.050676802038307	0.0278671833695261	0.066218448559737	0.0532550100264141	0.0583223146866842	0.159050422752691	0.0336864168635725	0.0301300204109989	0	0	0	0	0	0.322991484640391	0.948835017477888
TCGA-09-2051-01	0.0795796860669369	0	0.0749716333083395	0.0141040488671479	0	0.113874083037693	0	0.120805277606226	0.0294936318953598	0	0.0635811259824969	0.0282633080986161	0.0414598967099336	0.129919798722149	0.0236009197747945	0.169518415170224	0	0.093808051162105	0	0	0	0.0170201235979784	0	0.28900885427544	0.96357845001661
TCGA-09-1667-01	0.0538643218295524	0	0.0883276479521774	0.0722380085608236	0	0.158014406492501	0	0.119838998077652	0.0191518228039349	0	0.00443693467334349	0.0742359245074172	0.0653043488398519	0.0926695400853006	0.0845621004331787	0.140810244330349	0	0.0219430950115025	0.00460260640241558	0	0	0	0	0.367460495223569	0.930844406505754
TCGA-23-1809-01	0.160938306293392	0	0.125860634534048	0	0	0.163665683738377	0	0.108556388110962	0	0	0	0.0374101613569903	0.0437148826868674	0.155346013133617	0.0237578318536469	0.114189461878665	0	0.0591174791931306	0	0.00744315722030376	0	0	0	0.167190521616053	1.01088805164875
TCGA-31-1956-01	0.0303540130726359	0	0.125827145106005	0.126726536301416	0	0.162434117290663	0.0388048575185668	0.0672967860481512	0.0501764185091829	0	0	0.026630400501934	0.042504116387378	0.0417632163608398	0.0684770978637939	0.142545401002097	0.0531841585012821	0	0.00655137670059115	0	0	0.016724358835464	0	0.459722368111904	0.88993128974616
TCGA-13-0730-01	0.0708625756131721	0	0.070458057594196	0.184554398362806	0	0.132293781199075	0	0.057326707862747	0.0331645117145405	0	0.000872978053113707	0.061227247629458	0	0.00265122002382435	0.0221385007943498	0.189680846957749	0.0850047192125349	0.0659409786454536	0	0.0238234763369802	0	0	0	0.14384562129019	1.0277865375546
TCGA-04-1519-01	0.0887087518716597	0	0.213716409196973	0.0468615847019287	0	0.141974134699677	0	0.0199616159427327	0.0558573028910684	0	0	0.0858827780457815	0.00889529109085523	0.114881659179888	0.0202778848165181	0.172520727685838	0	0.0304618598770798	0	0	0	0	0.16	0.102374987580735	1.03341540217667
TCGA-25-1870-01	0.042503287868806	0.0242204493761218	0.0538794010323622	0	0	0.145325631904946	0	0.163185800232121	0	0	0.0758404149512157	0.0411416023100873	0.0173977197487001	0.0672977724699256	0.0331297817243435	0.262266538147418	0	0.0107224162744447	0	0.0466734183424709	0	0.0164157656170373	0	0.163801985112652	1.01877855771912
TCGA-29-1688-01	0.0850023789518196	0	0.054703593601272	0.108209863005125	0	0.0931665325650798	0	0.0841546208646601	0.0175662366854482	0	0.0184871545911436	0.0437636860591957	0.11437485982191	0.0728939378498476	0.0490182695759718	0.16553782524157	0	0.0613923441887788	0.0317286969981785	0	0	0	0	0.354781261471206	0.935163359838578
TCGA-61-2104-01	0.0158340002092719	0	0.125704280551128	0.0313072859836405	0	0.202150459890816	0	0.0994645607294017	0.0651393589752049	0	0.014078517058502	0.0190126825724074	0.0544005914565545	0.0532942608910095	0.077942436798756	0.158687553405879	0	0.0520429064945788	0	0.0239020165345826	0	0.00703908844826727	0	0.295928201252598	0.96023033381022
TCGA-13-0801-01	0	0.0951136998791251	0.0933612274483736	0.113506075273451	0	0.0962707400486009	0	0.0724769550478039	0.0365406134036086	0	0	0.0486524395063346	0.0958887842910278	0.0252844483418879	0.0475423096297973	0.168046081983468	0.0666108344463786	0.0407057907001422	0	0	0	0	0	0.394993713297468	0.918032628194564
TCGA-24-1928-01	0	0.0329853557761318	0.155422362907961	0.130934623275643	0	0.142783247054736	0	0.147589112126461	0.0210163927750461	0	0.0241743218847959	0.00670260211147059	0.0276680662565173	0.0636141178374039	0.0449554594299347	0.14348650193796	0	0.0360172998408195	0	0.0194746948176598	0	0.00317584196745884	0	0.216534193882602	0.992739201243026
TCGA-36-1569-01	0.0563975265397045	0	0.0720897615673053	0.0970848894823504	0	0.0789794686179884	0	0.167939636314521	0	0	0	0.0549038323714497	0.0795808021861484	0.0498077230497623	0.0640106470213737	0.171086713551173	0.0187456264651311	0.0548994863065552	0.034473886526537	0	0	0	0	0.347749066509844	0.938157798526429
TCGA-25-1315-01	0.159734663747735	0	0.187776976642494	0	0	0.0608557370677539	0	0.110111354315052	0	0	0	0.106823219725084	0.0181647875681909	0.094047154892145	0.00546272281744527	0.19012247100983	0	0.0669009122142692	0	0	0	0	0.64	0.0441858902518792	1.05598821635718
TCGA-24-1418-01	0.136295335514086	0	0.0956021336659659	0.00870912010174102	0	0.212951179164869	0	0.0367923324463187	0.0324803604408975	0	0.0170019155113256	0.014100455480816	0.0526497212253506	0.122635769827746	0.0398957877819371	0.170550275406491	0	0.0577285304105167	0	0.00260708302193903	0	0	0	0.234470901895721	0.985144194558173
TCGA-24-1428-01	0	0.0218867306035751	0.130472900045732	0.0317228527224718	0	0.179788727997157	0	0.0627616946627725	0.0610873612947134	0	0.0349002140029566	0.0426329545877124	0.074554614687757	0.123751028050166	0.0580511760455753	0.136496288427837	0	0.0395958716420318	0	0.00229758522954133	0	0	0	0.35973921105766	0.933307162701177
TCGA-23-2077-01	0.0372416979924203	0.0135246462862476	0.101217536585475	0.00500561297422594	0	0.138756299430755	0	0.119649256357041	0.00891156315515641	0	0	0.0599510233107517	0.106408224732884	0.0948515169692556	0.0532392631732979	0.194107629650233	0	0.0671357293822549	0	0	0	0	0	0.275760070115344	0.968531553869678
TCGA-09-1669-01	0.060703216875331	0	0.17076181365566	0.132162658202245	0	0.0071407452946753	0	0.150355388054115	0.0222875270896293	0	0.000369366031269168	0.0560140334334147	0.0637933222955968	0.0813498994059131	0.0563821465611469	0.17007533266467	0	0.0286045504363338	0	0	0	0	0	0.321867507145024	0.948300497650277
TCGA-24-1430-01	0.112342902463108	0	0.126667430787268	0.0215785082365416	0	0.154225513943637	0	0.159572952955893	0.00556963148735112	0	0.0446738483999476	0	0.0583927405755641	0.0656984947838855	0	0.171949888383702	0	0.0282186500275947	0	0.0511094379555073	0	0	0.5	0.0609181359906064	1.04756102691817
TCGA-36-1581-01	0.0697768475793097	0	0.117254055211606	0.107493280205	0	0.0538258011056336	0.043302534762087	0.188697535173974	0	0	0.0162319347870342	0.0180094506600791	0.074537108059317	0.0641210181589497	0.0703690316796762	0.132161117397735	0	0.0442202852195972	0	0	0	0	0	0.384243401989475	0.922553756955959
TCGA-29-1776-01	0.0364760804896636	0	0.182706394076513	0.0223548174939487	0	0.179635166182353	0	0.117289999121031	0.0304270228018791	0	0	0.0666669280907753	0.0502131872528322	0.0632162695789638	0.0553333430692232	0.128252121474889	0	0.0459667417909926	0.00369864897203438	0	0.0177632796049009	0	0	0.222886365658214	0.987076435386831
TCGA-29-1696-01	0.113648103124951	0	0.170828919486268	0.0315312439164812	0	0.167432199039733	0	0.0955377646659963	0	0	0	0.0691503445366066	0.0254458326073023	0.0954530645985886	0.0469555692045834	0.135016812591226	0	0.0490001462282637	0	0	0	0	0	0.199830953736432	0.996739830998236
TCGA-13-0913-01	0.123299746627669	0	0.191863653470237	0.034255675660008	0	0.0618771430616927	0	0.0441865326200111	0.0410245728722335	0	0	0.0847325941048029	0.0126045846464618	0.140540954983269	0.0126185062454329	0.20402194131671	0	0.0489740943914709	0	0	0	0	0.15	0.104509589589796	1.03464467947139
TCGA-09-0364-01	0.309459945433619	0	0.0814672232653767	0	0	0.0628010397444615	0	0.16771632626064	0	0	0	0.102693742046562	0.0567408762172521	0.0291833285973072	0	0.182867461187761	0	0.00707005724701993	0	0	0	0	0.99	-0.0471940225227128	1.11412758379642
TCGA-61-2111-01	0.146448496305595	0	0.0893311763415785	0.0655219655394099	0	0.158903046558212	0	0.0444612919360376	0.091414286264276	0	0	0.0351658414862593	0.0294499477763677	0.108058553740691	0.0288431815749807	0.160245241664295	0.00426809923894407	0.0253787684762557	0.0125101030970985	0	0	0	0	0.257103902135031	0.976596264825654
TCGA-36-1571-01	0.0984947851293277	0	0.200059572036163	0	0	0.162918836119921	0	0.0859835796022582	0	0	0	0.0784671086263262	0.0302732688447232	0.0869475645590207	0.0275529485031569	0.126333554531067	0	0.0624960068180712	0.040472775229965	0	0	0	0.11	0.109350033602277	1.02471730715362
TCGA-24-2020-01	0.13015912456848	0	0.125013167995681	0.0651540722656318	0	0.189195923577505	0	0.0380571891729993	0	0	0	0.0631189955834582	0.105614710486323	0.101200502053969	0.0283303464681565	0.154155967827796	0	0	0	0	0	0	0.16	0.102699335157771	1.03664741149028
TCGA-20-1687-01	0.096730843451582	0	0.16564139420834	0.0391679783148909	0	0.167113718068336	0	0.095836011709952	0.0415435385154345	0	0.019192261871714	0.0208789654326004	0.115037072578809	0	0.0377234702855597	0.143394818885124	0	0.0434056119661638	0	0.0143343147114947	0	0	0	0.256680643910246	0.972695172784218
TCGA-24-2262-01	0	0.0733837598261816	0.0921524622138937	0.112726368978534	0	0.0665722432145574	0	0.182009182050708	0.0152750112456915	0	0.0709574223275178	0.0174772288375863	0.0689349716620267	0.0720960057994164	0.0696787226399665	0.07426160049564	0.0374037656051249	0.0104924357014994	0	0.0326801710686349	0	0.00389864833302098	0	0.28167224598876	0.966746981113082
TCGA-24-1850-01	0	0.0586420719497585	0.100652458503963	0.0875617382283213	0	0.115979821006135	0	0.059572833741016	0.0965833418756072	0	0.0017335138559929	0.0482224008041604	0.0339952149135587	0.124141878132351	0.064250952784762	0.208663774204373	0	0	0	0	0	0	0	0.263835064910842	0.975778528571054
TCGA-25-1313-01	0	0.00230990261166149	0.158534335742957	0	0	0.117565248042016	0	0.117961270985467	0	0	0	0.0913717691476564	0.0789258924125214	0	0.0608930552132923	0.270316669238345	0	0.0193235885570433	0.0219443165896939	0	0	0.0608539514593473	0	0.265866196780643	0.972095421272576
TCGA-13-1489-02	0	0.0270689750924642	0.0845475766736818	0.129628525436756	0	0.099474880826938	0	0.114431759358272	0.0934065610921634	0	0	0.048783981950097	0.0929499281085021	0.0750096024831876	0.0282533365442099	0.0206434778510054	0.0141607567450406	0.127034061094128	0	0.0446065767435538	0	0	0	0.292427131466755	0.96432070730112
TCGA-29-1694-01	0.065080141836098	0	0.0601775985685973	0.00182759257450919	0	0.311540346975597	0	0.0508705094556877	0.054557462165928	0	0.0339902294813938	0.0450768823752492	0.0746319533523301	0.0854584407552286	0.0466143334539265	0.0941961142692375	0.0062396483195492	0.0359262124961461	0.0338125339205221	0	0	0	0	0.199522116228474	1.00244649095791
TCGA-23-1027-01	0	0.0224501551341891	0.0835929934975318	0.0184670625349973	0	0.227152602607585	0	0.0972047995119688	0.0446070395116619	0	0.00860855239872036	0.0437199481973304	0.104723146128314	0.0837525331680899	0.0489291596156461	0.132337251021474	0	0.0627161383242617	0	0.0217386183482288	0	0	0	0.270533910895415	0.971425750844446
TCGA-59-2355-01	0	0	0.093132504316674	0.0308079369128732	0	0.208704470371765	0	0.0911246800294027	0.0526947060473045	0	0.022958901195729	0.0665064799209859	0.0661270422028046	0.117299541811288	0.0476992326204698	0.169019346947195	0	0.0339251576235077	0	0	0	0	0	0.272905478092768	0.972999481246188
TCGA-24-1604-01	0.0579050321304925	0	0.116461163551514	0.0230836888159861	0	0.204555785176704	0	0.0975702391719144	0.013309488554663	0	0	0.0639078223952132	0.0798327719434326	0.0611192775972864	0.0474640994403239	0.14862984095441	0	0.0730554076033761	0	0	0	0.0131053826646836	0	0.238398749143786	0.983001155649174
TCGA-25-1319-01	0.0627150706614968	0	0.0965262685583469	0.0576205204451308	0	0.121167154861025	0	0.088332940634379	0.0133034012505116	0	0	0.0586856130825479	0.0637900633191543	0.135927035080041	0.0539819082615052	0.159845336957867	0	0.0378420491297883	0.0502626377582065	0	0	0	0	0.223376615993761	0.988549207904444
TCGA-24-1564-01	0.00879892481910997	0	0.0468050256113632	0.0500149245628545	0	0.272027358911125	0	0.063160901671892	0.0457939181500351	0	0.00548446073980247	0.0302175855937472	0.0801704313883674	0.0702084038020695	0.0652375953714528	0.207221150440406	0.0296037717869543	0.00253700973924926	0	0.00535832617992285	0.0154050831223053	0.00195512810934325	0	0.318746438553004	0.953274304307331
TCGA-57-1994-01	0.0822582213323111	0	0.0880702041091847	0.0895352111671226	0	0.089690220971851	0	0.18661539205625	0.03979441102207	0	0	0.0256381736785384	0.0540055218285281	0.0732284992235361	0.0634563850782033	0.184572918306296	0	0.023134841226108	0	0	0	0	0	0.327953099811507	0.947517368281475
TCGA-04-1357-01	0	0.111827318351505	0.126716727595218	0.0731451357471705	0	0.0673096064798626	0	0.18203539923913	0.00183095750507107	0	0.0355724258631631	0.0209924388532672	0.0525179727967219	0.070806920421559	0.0577602401173437	0.0820097355901883	0.0677471881276536	0.0497279333121463	0	0	0	0	0	0.444811521980937	0.897397375948049
TCGA-29-1778-01	0.0704165362793536	0	0.146127172120412	0.0872829399126039	0	0.151357640498612	0	0.0678671652232062	0.0544266475059088	0	0	0.0707382215898354	0.0454339824334739	0.0499044239013621	0.0495684968503697	0.149373498927462	0	0.0483475029199751	0.00915577183742581	0	0	0	0	0.319281445144897	0.950002333445602
TCGA-13-0899-01	0	0.108880470755877	0.102993946679829	0.0649412574382623	0	0.0221477248515487	0	0.16154739303705	0.00496693386608011	0	0	0.0704884958612749	0.101437531167919	0.102144474898116	0.0573510301316339	0.119246359075342	0.0239162640207564	0.0158882187657034	0	0.0440498994506082	0	0	0	0.258768329463627	0.973956091534156
TCGA-24-2038-01	0.150265792806487	0	0.104446594826074	0	0	0.206096278345003	0	0.0590214950818603	0	0	0.0185821520215978	0.0747890217517968	0.042561231754587	0.116118963747368	0	0.144311586373891	0	0.0544177616087238	0	0.0214935449213478	0	0.00789557676126386	0	0.144628033344471	1.0214803274817
TCGA-13-0800-01	0.039372742973668	0	0.268676553894903	0	0.108581034955336	0.0372380286612503	0	0.202015432473139	0	0	0	0.0786593407047716	0.085633051782365	0.0745405550972342	0	0.0680693775386513	0	0.0125040846437469	0.0247097972749345	0	0	0	0.97	-0.0245882336873312	1.07478017314261
TCGA-25-2399-01	0.0729616253556502	0	0.0812078504224967	0.107601312643253	0	0.114495632168632	0	0.0752425777129335	0.0616074321866021	0	0.00294423160515398	0.0809054126584972	0.0735082714118421	0.0951006612489899	0.0161161135083662	0.157627620648036	0	0.0606812584295465	0	0	0	0	0	0.284145421835055	0.966891522165607
TCGA-24-1548-01	0.0155193245052449	0.0744789099360516	0.10258871545081	0	0	0.181319119645387	0	0.127765544496743	0	0	0	0.032942676203213	0.086733973527334	0.0811129427171999	0.0487331884313477	0.14216541907605	0	0.103137579528503	0	0.00350260648211556	0	0	0	0.226392692421481	0.987368332923527
TCGA-59-A5PD-01	0.0160342912655838	0.0138502377210079	0.0602069685540736	0.0189179237016579	0	0.253413805269252	0	0.0977663625078348	0.0316568648415771	0	0	0.0459077607808073	0.0493621313555057	0.193481950380172	0.054422077717626	0.138611160877548	0	0.0109306997939512	0	0.0154377652334026	0	0	0	0.271935349302554	0.976105291915052
TCGA-25-2391-01	0.140857103975789	0	0.130167118131619	0.0464842956230867	0	0.122188556108645	0	0.0482131286074552	0.0759585682637087	0	0	0.0357026377217799	0.0485648879024249	0.0799825363107619	0.0171403432234742	0.144651521331971	0	0.0714053155327736	0	0.0163078221909136	0	0.0223761650755964	0	0.213978155025591	0.989751635658266
TCGA-29-2428-01	0.0230850316973459	0.00426462916122954	0.183671532005486	0.0981559911647978	0	0.0314582822042944	0	0.127233853000463	0.0394399680034333	0	0.0563697814958036	0.00874304183558488	0.0704180171765193	0.0439351209627596	0.0606783649968999	0.151940975810983	0.0753332899071089	0.0252721205772912	0	0	0	0	0	0.422432796502924	0.907633532826408
TCGA-25-1314-01	0.0907501720772892	0	0.0703908448114082	0.0607858643256311	0	0.091852697122006	0	0.112690983215935	0.0292591660345052	0	0.0439493219330977	0.0250142799060451	0.0465040554161523	0.107546627498373	0.0452198308850195	0.192826416772147	0	0.0647584015279033	0.0134909298708269	0	0	0.004960408603661	0	0.242766124304644	0.982158691014886
TCGA-25-2393-01	0.120693533269568	0	0.0393351221392454	0.0839490820946072	0	0.187107039170103	0	0.111567884338647	0.0184055846486376	0	0	0.0592585729719375	0.024800742804583	0.0717949820338986	0.0407233092323527	0.123843093471923	0.0257809240573714	0.0215290869081847	0	0	0.0201686780112827	0.0510423648476583	0	0.227423237110207	0.992544397484998
TCGA-23-2081-01	0.12384850732085	0	0.163363501360137	0.0403372871965693	0	0.163313145196245	0	0.0968804212775676	0.00596292880080023	0	0.0400836857353765	0.0299024896325961	0.0433105772011485	0.0933411867908989	0.0162607780818137	0.125004336643599	0	0.0571510781702396	0	0.00124007659215962	0	0	0.08	0.118586700005987	1.02565292511048
TCGA-29-1762-01	0.130047287759624	0	0.195828758310077	0	0.00725964862811395	0.106828681242723	0	0.0387563333806983	0	0	0	0.0283241650253152	0.0782795997769379	0.126958587665897	0	0.226121954373008	0	0.0165756837178734	0	0.0380904048826174	0	0.00692889523711435	0.01	0.138424031679148	1.02054658683081
TCGA-23-1123-01	0.0312872124067024	0.0434788910028325	0.0932403724860238	0.0693627939560768	0	0.0848977642604538	0	0.170195288700021	0	0	0.0590272996889476	0.0162197993825437	0.0520055491907602	0.0704304029200582	0.0862471162317728	0.178886134083481	0	0.0356217891256116	0	0.00743910976346339	0	0.00166047680125032	0	0.358190746205129	0.934115220613064
TCGA-24-1435-01	0	0.0509738844929743	0.11161068080324	0.093109170234076	0	0.0863991696419034	0	0.12382236453043	0	0	0	0.0987703242097257	0.0678100224348344	0.047226231521115	0.0634377702521469	0.140969767929503	0.0778253128538427	0.0380453010962082	0	0	0	0	0	0.293364420602084	0.961512034556533
TCGA-24-2026-01	0.0684975153021094	0	0.154124074921679	0.0759206842547155	0	0.104346417263589	0	0.0966209433842975	0.0303557995227775	0	0.0128869098268716	0.0431698928508822	0.045936945376227	0.101083090696237	0.052984649374913	0.164829993464503	0	0.040122491060637	0	0	0	0.00912059270056067	0	0.300673733721757	0.956825179894716
TCGA-36-1575-01	0.0798235940837569	0	0.247641659460333	0	0	0.164858051808011	0	0.102580675649904	0	0	0	0.07930775303022	0	0.11749820928123	6.88384490838294e-05	0.165425978360708	0	0.0427952398767535	0	0	0	0	0.35	0.0762404487168469	1.04047605136289
TCGA-10-0928-01	0.159878683396004	0	0.0154909882822778	0	0	0.179086161420176	0	0.125409770416963	0.0291515578995798	0	0	0.0956107779490512	0.0293031045190821	0.0843083589453258	0	0.160346104416952	0	0.119929202914763	0	0.00148528983982582	0	0	0.26	0.0905830351874797	1.05326446849085
TCGA-36-1568-01	0	0.0771992771812507	0.0834683847307783	0.00477623153858462	0	0.156383500120851	0	0.0741901898767453	0.0972595976985792	0	0.0171983776485277	0.0757333571287535	0.0700267703498565	0.106079601064795	0.0156278110958976	0.0422865931746091	0.0526661292588175	0.0235997292254085	0.103504449906545	0	0	0	0	0.271164379943875	0.968133054769709
TCGA-36-1576-01	0	0.0579926056279445	0.10060016429493	0.129261260748916	0	0.0925148609382008	0	0.0959021472534325	0.0309622879454136	0	0	0.0589387614888526	0.0963380888126842	0.0225414584094249	0.0416689777515262	0.170138646483146	0.0510475240991736	0.0286430834325296	0.0234501327138249	0	0	0	0	0.358213648087158	0.933371768204172
TCGA-24-1463-01	0	0.0124960140353124	0.119546303264792	0.0310015801366508	0	0.186657933783612	0	0.105301147490002	0	0	0	0.119773371561167	0.0323676405038515	0.053908413876879	0.0762071773795568	0.204081688924856	0.0548903856872264	0.00376834335609466	0	0	0	0	0	0.242733411453096	0.986365661989963
TCGA-57-1993-01	0.0489174957107058	0	0.110651010076607	0	0	0.273615666638276	0	0.0489460819381665	0.0301892112938353	0	0	0.0371871148360959	0.0101246433454364	0.106932874790511	0	0.231430712115875	0	0.10012899439259	0	0	0	0.00187619486190204	0	0.172884343418457	1.01314889225062
TCGA-24-2036-01	0	0	0.275458310507844	0	0.0455843490081523	0.0533502723396118	0	0.0750646214415125	0.0622931914436146	0	0.0146284987594103	0.0449805910928374	0.0839174208847186	0.0512091329779312	0.0140892630089268	0.273147954802141	0	0.00627639373329993	0	0	0	0	0.12	0.107486484377187	1.02752050838608
TCGA-13-1403-01	0.168309495005134	0	0.117520297140734	0	0	0.172614962174383	0	0.0302786913640498	0.0850831808029759	0	0.0302292924283989	0.0436233693145439	0	0.10329156872219	0.00610502579027879	0.129790654726063	0	0.0872068089343873	0	0.00627991125888201	0	0.0196667423379789	0.04	0.127695967163646	1.02670496755561
TCGA-09-0369-01	0.109531630055144	0	0.103978343373935	0.0863586017167243	0	0.0906697206068413	0	0.0175581032899199	0.00136306187709097	0	0.0182085728746613	0.0675521496423845	0.0768167039123794	0.064255600186635	0.0320714028843713	0.292494864981232	0	0	0.0391412445986814	0	0	0	0	0.142747724035791	1.02308806567425
TCGA-24-1103-01	0.0822517289014818	0	0.147254226458959	0.0388760791424583	0	0.177660599261943	0	0.0690188647645482	0.0330550925300678	0	0	0.0719471712112101	0.100837698924529	0.105643646437322	0.0318992865977817	0.0630388970862457	0	0.0785167086834535	0	0	0	0	0	0.148167615440572	1.0169306291941
TCGA-25-1871-01	0.177587932341089	0	0.22647863258526	0	0.0418854345116729	0.0781889400938979	0	0.0850992430986186	0.0348914486028864	0	0	0.0861380603016915	0.110009894956076	0.117568354182962	0	0.0315628666000891	0	0.0105891927257557	0	0	0	0	0.74	0.0335782334568866	1.05775488373814
TCGA-23-1029-01	0.148070866577231	0	0.14155473290203	0	0	0.132590294075363	0	0.0375307268795745	0.0356699222977288	0	0	0.0905463521625302	0.0440091805774315	0.126347455344084	0.0305530509500753	0.105922481241975	0	0.0991551904803482	0	0	0	0.00804974651162936	0.01	0.139533315789797	1.02209697762581
TCGA-25-1630-01	0	0.0875806509523858	0.00791485375297167	0	0	0.278837999374914	0	0.0219585610256564	0.023254169679042	0	0.0132133826006898	0.055215294973457	0.0591774813279059	0.0496209966174304	0.0291543943295214	0.165768600372839	0.0536592368402576	0.0492022856062833	0	0.0140225685347173	0	0.0914195240119287	0	0.334627692181628	0.945652607893299
TCGA-25-1634-01	0.106489122032309	0	0.212811360687426	0	0	0.190969156119668	0	0.0769225295108789	0.00191417237256962	0	0	0.101322641440515	0.0774836458290712	0.0641240854507893	0.00479040817759231	0.163172878379181	0	0	0	0	0	0	0.64	0.0431073143920951	1.05452903107601
TCGA-61-1721-01	0.0377376230804389	0	0.156185109385487	0.0146602237176992	0	0.266374385713441	0	0.0654806987395033	0.00932200220147344	0	0.0353113087954	0.0223672480207507	0.0940088605034429	0	0.00777662041346489	0.185863014316019	0	0.0428095858059671	0.0621033193069118	0	0	0	0	0.285036712917038	0.961854078806996
TCGA-24-1413-01	0.101801349044638	0	0.133976358125072	0	0	0.14214991759643	0	0.122237103956083	0	0	0.0123130833696982	0.048017174935377	0.0385892725959787	0.13860801610795	0.0283737579359796	0.142234365263879	0	0.090897257210833	0	0	0	0.000802343858081199	0	0.208900619169963	0.994062272174091
TCGA-25-1323-01	0.0717777146788647	0	0.071907422218889	0.0141158537861423	0	0.0797191043948401	0	0.133196248970983	0.0142650783951263	0	0	0.13867036732026	0.0788650090878223	0.124347290682408	0.0361594186807476	0.163766617428956	0	0.0676541975220451	0	0	0	0.00555567683291491	0.14	0.10502013337879	1.04591842185188
TCGA-61-2110-01	0.00851276075433135	0	0.120794635790204	0	0	0.261522392771507	0	0.0684559336373622	0.010149612165817	0	0.0450905241853524	0.0213005769703422	0.0612673740301182	0.162864309201662	0.0214149021652371	0.166573662306763	0	0	0	0.0520533160213038	0	0	0	0.177205907775299	1.01145966276265
TCGA-61-2109-01	0.00572592521521869	0	0.0384661727734197	0.000656692569327402	0	0.165636341665921	0	0.0970110901513859	0.0347516110013177	0	0.0350618610570323	0.0972246327485513	0.103052082213017	0.147873690267017	0.0269023619452276	0.180309246528452	0	0.0673282918641128	0	0	0	0	0	0.215528174523214	1.00244543736168
TCGA-04-1514-01	0.107783920783463	0	0.284945609945116	0	0	0.0595065809949117	0	0.182379202562826	0	0	0.000984499481080203	0.057277150487681	0.137016228790145	0.1425850674306	0.024591541085594	0.00293019843858268	0	0	0	0	0	0	0.94	0.00200042795587319	1.06280326335254
TCGA-VG-A8LO-01	0	0.0406677735048477	0.0933227913099472	0	0.00766229573497616	0.157131706759763	0	0.252664243523423	0.0846570754755387	0	0.00766909098866267	0.0542529111063223	0.0310187920480871	0.18018057444723	0.0187900667546167	0	0	0.0467592744797225	0	0	0.0252234038668626	0	0.04	0.127501602266316	1.04189895167289
TCGA-24-1549-01	0	0	0.118030219048159	0.0627601411831984	0	0.108368568865744	0.00636906226464077	0.151348802552832	0.0476189606496148	0	0.0498344330716526	0.0745586918554852	0.0782296504601811	0.0833160699374236	0.0845423069474625	0.0627026381927736	0.0212229703757339	0.034180011719145	0.0169174728759531	0	0	0	0	0.314208048827769	0.955009268419144
TCGA-29-1784-01	0.0195414328277843	0.0394095412547185	0.189454861863256	0.062709916976967	0	0.11126341000883	0	0.129329990184738	0.00921073155007784	0	0.0681282911494422	0.0023684958580188	0.0757742095945233	0.0320718132450441	0.0621970526002836	0.139299130666662	0.0217311387946421	0.0256486831993633	0.0118613002256484	0	0	0	0	0.386904876852126	0.921967079698406
TCGA-13-A5FT-01	0.0961764234327906	0	0.177561275688947	0	0	0.0647168640395828	0	0.169587137543828	0.0929546277775918	0	0	0.0685037967248115	0.0760068106529715	0.109206352106847	0.0800175976157097	0	0	0.0563648275912589	0	0.00890428682566208	0	0	0	0.209865481208978	0.995140060868174
TCGA-61-1736-01	0.0521159643566337	0	0.0983819403834218	0.0211465382792531	0	0.213530870332443	0	0.0729513321483057	0.0515885571828472	0	0.0224897033874403	0.0514373985044904	0.0902831007888755	0.0566336901444229	0.0121594524152614	0.156106168271919	0	0.0773284553532924	0	0.0238468284513939	0	0	0	0.204555910859333	0.996363505519826
TCGA-OY-A56P-01	0.180084219478149	0	0.143022505919865	0	0	0	0	0.108562060836979	0.020926566606987	0	0	0.117191822640282	0	0.217609302527561	0	0.0893609208436674	0	0.12324260114651	0	0	0	0	0.57	0.0514696433015002	1.0678508468212
TCGA-29-1690-01	0.00239259789048713	0	0.106289537227025	0.110800785376096	0	0.132850499005307	0	0.0348241762175639	0.0621804386711275	0	0.0106446568420964	0.00432910438214015	0.140073690594103	0.0270397112083678	0.00603106820584326	0.163675722589366	0.0742525269446035	0.087181271634508	0.0209689678122863	0	0	0.0164652453990793	0	0.377838598741238	0.925383186636044
TCGA-29-1761-01	0	0.00418595669809724	0.127643181311441	0.00670234200336107	0	0.155057577032215	0	0.175932067957829	0.0450839187833028	0	0	0.0938682879887003	0.0459507002425459	0.0938748638412427	0.0486263208271609	0.126034039998778	0.0263645660467186	0.0494309937140141	0	0	0.00124518355459391	0	0	0.32611785026565	0.948539827789209
TCGA-24-2281-01	0	0.0363131146890036	0.0957057469883591	0.0774115637374036	0	0.0733161365985891	0	0.164426931766712	0.0074453707342844	0	0	0.104763919914781	0.112006521097799	0.0806000164793736	0.0537251591691153	0.110415921088427	0.0478850860684627	0.0359845116676885	0	0	0	0	0	0.374048302245516	0.92734043925584
TCGA-61-1738-01	0.0897329712694603	0	0.0988395426763457	0.0394197507021448	0	0.131484673868031	0	0.119282417430384	0	0	0.00783664071960745	0.0524606459741112	0.0310856687252354	0.0805227066230757	0.0121863724553402	0.165266032225942	0	0.132661423217074	0	0	0	0.0392211541132475	0	0.23432100209776	0.985017982874184
TCGA-25-2400-01	0.122197231255245	0	0.136160236489846	0	0	0.166845302238265	0	0.115491647019529	0	0	0	0.0648404134187777	0.00684533216090752	0.106205815373736	0.0484613546630654	0.181127384944335	0	0.0386416040131718	0	0	0	0.0131836784231216	0	0.14558012973701	1.01951262584171
TCGA-61-2098-01	0	0	0.129121096710474	0.0448812806987321	0	0.214210994122517	0	0.0871174776514914	0.0417843477877051	0	0	0.0950040377141498	0.121780527165822	0.179564623600209	0	0.0815289738254629	0	0.00137819494367406	0	0	0.00362844577976251	0	0.94	0.00219116202937817	1.08769910896312
TCGA-59-2363-01	0.0560082475696889	0.0109932308642463	0	0	0	0.20192684204697	0	0.168390017598715	0.0438860767038588	0	0	0.113545169908287	0.0632669077732363	0.088324353811907	0.0394094470151997	0.106127975561318	0	0.0641953022140768	0	0.0108748843375428	0	0.0330515445949529	0.23	0.0971958708720635	1.05630515080335
TCGA-24-1567-01	0.240459313681429	0	0.0666768137231874	0.102815782000599	0	0.0415038572842103	0	0.0840700456723703	0.0380185302721943	0	0	0.0810557460168444	0.0100360517210893	0.132336992143518	0	0.147587643933446	0	0.0554392235511125	0	0	0	0	0.55	0.054722091793062	1.06722016711889
TCGA-61-1918-01	0.0597142174183471	0	0.0731691936598857	0.0395482070477937	0	0.195219118219763	0	0.0820334080644401	0.0413867014970436	0	0.011536204512138	0.0559916728635642	0.085068265500273	0.044022182727328	0.0752963332814801	0.178984767775049	0.0580031999426232	0	2.65274902711917e-05	0	0	0	0	0.244456820792604	0.982365694259697
TCGA-36-1574-01	0.0965301788086543	0	0.110014804419408	0	0	0.297400489311885	0	0.0338103417811861	0.0537815166326886	0	0.00777948727141732	0.0410472725196477	0.0561107986447682	0.0391661919047148	0.064006819897244	0.15543283980275	0.0198978574836313	0.0184645461042028	0	0.00655685541780142	0	0	0	0.277909446268401	0.967742809086003
TCGA-24-2023-01	0.00581793916079562	0	0.113829980706479	0.0650746724283984	0	0.197050373396621	0	0.0889904457741475	0.0529686752752051	0	0.00823397007027815	0.0701434295885148	0.0276796085057574	0.0720429326707005	0.0280900608559819	0.174102551013169	0	0.0774813460931271	0	0	0	0.0184940144608249	0	0.284615196500496	0.966972286806486
TCGA-13-1511-01	0.0646158236529571	0	0.102133457421529	0.0558623543543239	0	0.208949812368819	0	0.0606176038019824	0.0323928037936466	0	0	0.0935319349154571	0.0363073399986572	0.0587820971705481	0.015784779711006	0.1332408740138	0	0.110957781686883	0	0	0	0.0268233371103901	0	0.179329398921219	1.01108627943228
TCGA-25-1318-01	0.0226326612603461	0	0.174278565062813	0	0	0.222483352860156	0	0.07878186977243	0.0272212392462857	0	0	0.0723867860779857	0.0779878195710965	0.0767393438401395	0.0395544463955062	0.169027669322761	0	0.0366728733386072	0	0	0	0.00223337325187364	0	0.202046799195544	0.995632153061565
TCGA-25-2392-01	0	0	0.129850389481397	0.0372461300249566	0	0.214872546189748	0	0.0671963378321313	0.0949138114195577	0	0	0.0128536948735378	0.0710964066845597	0	0.061633924656832	0.283513250225949	0	0.0268235086113309	0	0	0	0	0	0.290194410583628	0.963643175808048
TCGA-24-1474-01	0.156418158029157	0	0.0525590638310541	0	0	0.103894025887748	0	0.138620932773979	0.00976335084904477	0	0	0.0821310983577698	0.139117715215901	0.084731897708991	0.0342331325278656	0.148859357893047	0	0.0378562074058532	0.00880831950654231	0	0.000382530204027046	0.00262420980901988	0	0.168250250835959	1.01302182962996
TCGA-24-1846-01	0	0.0439268211513063	0.0550402301050749	0.0334140723279296	0	0.102726917306389	0	0.121626761243162	0.0728888511261086	0	0.00212731233690205	0.0761437059656793	0.0227829869640801	0.124649296981477	0.0722365055018678	0.160935383789106	0	0.0449569320402258	0.0382946033220812	0	0	0.0282496198386104	0	0.312004643592283	0.9551983432687
TCGA-09-1659-01	0	0	0.173284660651929	0.136306270860026	0	0.125624258631494	0	0.0830855745225423	0.0575292034325486	0	0	0.0631972447774726	0.0755777785721587	0.0607337648817696	0.0329413659255195	0.121874162916534	0	0.0652824832455167	0	0	0	0.00456323158248934	0	0.263357080975281	0.973596484797007
TCGA-24-2027-01	0.143186127020912	0	0.0506042542855997	0.0814875695814201	0	0.0524447095907166	0	0.135929680432994	0.0386259666032024	0	0	0.13130008499272	0.0606320636179034	0.0749252751598023	0.0271265953926993	0.183408177709825	0	0.0203294956122055	0	0	0	0	0.86	0.0238597319940971	1.08260856143723
TCGA-29-1693-01	0.0338308688316667	0	0.139612241203895	0.0554472959216924	0	0.155071064890916	0	0.0566911720520764	0.0186585350455714	0	0	0.0562764046026206	0.0431067846854189	0.119690457969723	0.0382537457499914	0.166941780870405	0	0.0765445249496474	0.0340619282117373	0	0	0.0058131950146389	0	0.283589474379761	0.963858609436066
TCGA-20-1682-01	0.0981476634988057	0	0.13140622992877	0.0980874318119699	0	0.0903245293554123	0.0163161057359446	0.0903627262305581	0.0237144336575031	0	0	0.0273721906840132	0.0657149648004883	0.0896182479866077	0.0471622769527782	0.155203504166238	0	0.0281337350734849	0.0384359601174254	0	0	0	0	0.314922858006647	0.9501777050746
TCGA-09-0366-01	2.04087849099335e-05	0.0251576756721772	0.017104319247306	0.0719872603201413	0	0.0732079393300625	0	0.130492033797285	0.0167860738339525	0	0.0285121132545089	0.0393414581100431	0.218241998666088	0.0599664213268369	0.0363613933414717	0.216002609955983	0	0.0314324979750644	0	0.0139051201848023	0.0176804656036508	0.00380021059571709	0	0.257905617306828	0.980767567627911
TCGA-24-1434-01	0.0101829723657337	0	0.102095094326304	0.013042755879567	0	0.256566701704811	0	0.0732920612446809	0.0367957811428648	0	0.0147544354664024	0.0293177460166745	0.0727134239404271	0.113083918212403	0.0478895716494284	0.165509168740642	0	0.0182281327350998	0	0.0328372655895241	0.0132504139477363	0.000440557037701168	0	0.291004479694808	0.962799270142119
TCGA-61-2003-01	0.0445101364332683	0	0	0.0929977539285071	0	0.195570712153554	0	0.101346865942522	0.0268680662155225	0	0	0.045947773554904	0.103555415638273	0.104697716297138	0.0516622122284646	0.127813268615128	0.0723647062490547	0.0270898297966842	0.00557554294697918	0	0	0	0	0.336460809837453	0.945562601629415
TCGA-24-1545-01	0.0652693357822322	0	0.259287988347681	0.0879206440647128	0	0.0645822991817853	0	0.0937754525649924	0.00968693370460556	0	0.0278829089211897	0.0262484615182375	0.0449200220061685	0.0553757843810154	0.0556754767768391	0.147865169192143	0.0121897980548613	0.0324418177736512	0.0168779077298845	0	0	0	0	0.383143550209945	0.924195151368365
TCGA-61-2012-01	0	0.0300272288325414	0.122166487972371	0.102396873407031	0	0.138234747125806	0	0.0840842454954903	0.0685528733323268	0	0.022893237548017	0	0.0436009675977173	0.121802250266574	0.0555097975811731	0.114838807583275	0	0.0322203321056059	0	0.0334236282066885	0	0.0302485229453821	0	0.342763524410155	0.940258555597555
TCGA-25-1632-01	0.0857455868671181	0	0.227939161348733	0	0	0.149136611450057	0	0.151142032365041	0	0	0	0.0520486516860449	0.0972172243552113	0.0594688482615387	0	0.0663822938844898	0	0.0386436734445039	0	0.0572536448700184	0.0150222714672446	0	0.86	0.0233992364768297	1.0533139459969
TCGA-24-2267-01	0	0.10054589449592	0.121427461586414	0.0905676329144819	0	0.083267706611114	0	0.0917803418711006	0.0534337772144232	0	0.0223622824321254	0.0114655041888974	0.0767149852629354	0.0858612507052121	0.0633904902155963	0.149719265876033	0	0.043050025782225	0	0.00641338084352185	0	0	0	0.378645105262828	0.924924440032535
TCGA-24-2261-01	0.0519292758895348	0	0.0522692952323787	0.170080227817936	0	0.0652162663933862	0	0.113824024455609	0.0714986250125473	0	0	0.0755857122198364	0.0730793526806874	0.0689776018745914	0.0659702489757512	0.17328327552117	0	0.0148539503146167	0.00343214361195552	0	0	0	0	0.338577987838636	0.945502841076815
TCGA-25-1316-01	0.10544285719078	0	0.0790453257557096	0.188556920275953	0	0	0	0.157683733047957	0.0155100518909142	0	0	0.0824023133980164	0.0142550170524942	0.0565294647217516	0.0607923847023711	0.147256097196823	0	0.0130154423058567	0.0795103924613736	0	0	0	0	0.231299074058373	0.989911302670834
TCGA-09-1668-01	0.114885253276684	0	0.117391221342156	0.0202812426938104	0	0.179624644708986	0	0.155763328505429	0.00332217995672959	0	0.00610270714861983	0.0399924541116173	0.0511212844068963	0.0532919107981217	0.0433964739432587	0.104394132726874	0.0146318419985791	0.0958013243822384	0	0	0	0	0	0.331462175875893	0.944969806945024
TCGA-29-1770-02	0.0926420713734	0	0.154311033652853	0	0	0.112823013879789	0	0.079590803397224	0	0	0.00652666282364585	0.117095068393283	0.0533590095792038	0.096890377522764	0.00903642789087307	0.168602263841004	0	0.0818531272056173	0.0272701404403426	0	0	0	0	0.162674523319203	1.01116480385822
TCGA-61-1733-01	0.110699780771221	0	0.153942442553475	0.0555901420953098	0	0.125979249078361	0	0.109420804104822	0.00177746882473839	0	0	0.00569420542203554	0.0461799422217875	0.129329355706472	0.0434657110763987	0.170634214556277	0	0.0198780950070578	0	0.0249137600254431	0	0.00249482855660009	0	0.164736953375154	1.00960166448048
TCGA-3P-A9WA-01	0.0285970572277599	0	0.136911870989425	0.0297022771568688	0	0.147204494100077	0	0.0961131805183721	0.0914137616048781	0	0	0.0780532944381588	0.107948537661234	0.0594379248238479	0.0161279237987607	0.134996144240664	0.0191524958690636	0.0543410375708908	0	0	0	0	0	0.208985338435025	0.993801562697386
TCGA-24-1425-01	0.0117463008205413	0	0.0956382206253093	0.0604518164521072	0	0.088577947081124	0	0.129642269165587	0.0406511658667263	0	0.0970664934709849	0.0304933958267797	0.0677743743532035	0.0739123859305457	0.0511779411023366	0.209899747227865	0	0.0290917282064282	0.0138762138704611	0	0	0	0	0.264829116278946	0.97471905404133
TCGA-29-1691-01	0.119972813752396	0	0.0757684940855455	0.0324563598577659	0	0.126082842711636	0	0.116548286746284	0.0460668556177521	0	0	0.0735612861216348	0.0540796789815095	0.0957420716612562	0.0368826457199823	0.170899158530872	0	0.0405588744325242	0.0113806317808414	0	0	0	0	0.194730262807922	1.00196996774802
TCGA-61-2101-01	0.014448355030216	0	0.179871630739014	0.0663449838473514	0	0.164004509272611	0	0.0207426613143962	0.0577877384579385	0	0	0.0658087724060234	0.0565406923743961	0.0556318283504922	0.0298169779064869	0.155096988415744	0.0248785293811638	0.0292145154056784	0.0798118170984881	0	0	0	0	0.182529728239006	0.998655619224041
TCGA-59-2352-01	0.0216219154997471	0	0.198844114790413	0.0638179082964917	0	0.157023863240206	0	0.0909641037788316	0.0392902808692113	0	0	0.102266947959502	0.0420049655377434	0.0780524963371318	0.0605986234922753	0.104988830312387	0	0.0405259498860597	0	0	0	0	0	0.275569086807137	0.969264967679524
TCGA-OY-A56Q-01	0.159199919060809	0	0.198866411982807	0	0.0606603350750221	0	0	0.141613131029731	0	0	0	0.0962470459319287	0.00388529661634185	0.0995633620156369	0	0.172911964784883	0	0.0140104123199666	0.0530421211828749	0	0	0	0.82	0.0268980122714176	1.05883921598241
TCGA-04-1365-01	0.00646600992386544	0	0.13690968516339	0.0873594190910024	0	0.0689557372939894	0	0.181178506836957	0.0207944225909611	0	0.0207154518456154	0.0616384881069912	0.0950954034190619	0.0331385589003239	0.0846487990696886	0.160542442130172	0.0153665234772895	0.0271905521506911	0	0	0	0	0	0.363817622561194	0.93176276906718
TCGA-24-1563-01	0.0260332713988353	0.00384820419922741	0.0605819853280392	0	0	0.337681202475487	0	0.0739057724247616	0	0	0	0.0743237731208506	0.0458848291139405	0.0360082443799184	0.0457125492341167	0.17600849795249	0.0190798389535847	0.0557638460924425	0.00265260139114199	0.00918107407081833	0	0.0333343098643463	0	0.268811401543745	0.975178478023933
TCGA-13-0897-01	0	0.0162278556567547	0.0700615590110809	0.0779765911491573	0	0.114613448752727	0	0.124360379216729	0.100903523011236	0	0.00926873210994397	0.0732946577180249	0.00632147864785932	0.102311137920021	0.0508451472802541	0.175154184073662	0	0.029931529220603	0.0487297762319468	0	0	0	0	0.322560484793822	0.951342379773642
TCGA-24-2019-01	0.13171301787891	0	0.160963740692213	0.125848101650674	0	0.0389164670144172	0	0.133623267393368	0.0198808315639805	0	0	0.0327999106097087	0.0815213332072792	0.0810513669467161	0.0504281815178498	0.12287453818806	0	0.0203792433368233	0	0	0	0	0	0.238976405608346	0.980705336563795
TCGA-36-1578-01	0	0.0262405586886921	0.0893135370132748	0.107096248694111	0	0.173805965316001	0	0.113054532440581	0.0319717865219069	0	0	0.0649059563477144	0.0132247909517273	0.0537297167850996	0.0625933895496639	0.149526712133053	0	0.0519351902842837	0.0274492235013963	0	0	0.0351523917724952	0	0.327282956679301	0.948786870214018
TCGA-61-2016-01	0.137476009221739	0	0.13068482148923	0.0726485723156425	0	0.191232939810408	0	0.0290724497834998	0.0430702537922837	0	0.0332768088316579	0.0390819111482323	0.0825908697210086	0.0286671827009528	0.0345747204766008	0.123648749701419	0.00930954462971427	0.044665166377612	0	0	0	0	0	0.197539727156052	0.998722047061556
TCGA-13-1498-01	0	0.116518191676352	0.0779170119288423	0.110484373426831	0	0.0837484544900129	0	0.140383928894009	0.0410490586999574	0	0	0.0868081510621424	0.0679292648545117	0.0380409354723623	0.071886856181454	0.118956609656046	0.0235426821494951	0.0227344815079834	0	0	0	0	0	0.33295598533309	0.946254368295095
TCGA-24-1842-01	0	0.0405591051996896	0.0858273942041714	0.149310291265453	0	0.0967033153947252	0	0.107912982083691	0.0688329416143956	0	0	0.0890605314021795	0.0760269817746721	0.0789076346014372	0.0620672053403968	0.106664818702644	0	0.0235281460121847	0.00935849708645068	0	0	0.00524015531790993	0	0.35840435281784	0.93577264495361
TCGA-13-1405-01	0.0564940777635941	0	0.140177355195379	0.148638227644918	0	0.0107839563995362	0	0.142411171526061	0	0	0	0.0934060125486414	0.108061899416674	0.0517331069081986	0.0542120334552074	0.130790647619268	0	0.0350122350517033	0.0282792764708192	0	0	0	0	0.270772397073694	0.970011740727394
TCGA-24-2298-01	0.0609903486698746	0	0.0957820630281731	0.0494755614579948	0	0.201105576148635	0	0.0726985822227229	0	0	0.0563412767076305	0.00972414856609021	0.0363225717701663	0.101101294285278	0.0270532244214989	0.14768358684565	0	0.0978888571510439	0	0.0280350846338892	0	0.0157978240913531	0	0.189825936556842	1.0028991537868
TCGA-25-1328-01	0.0918575054037798	0	0.0427767718208666	0.0840065994650426	0	0.213196903444957	0	0.0533838294319553	0.0692486884451937	0	0.0109192647164382	0.0579817682626323	0.0627333612055359	0.0838769825875172	0.0276608944058279	0.149286625242823	0.0291399489364482	0.0107858932417258	0.0121806791777812	0.000964284211475321	0	0	0	0.235426454133403	0.989157727159867
TCGA-30-1860-01	0.0112883594588702	0	0.108447210280296	0.120058956074601	0	0.11144952429106	0	0.148477809883779	0.0281598369803471	0	0.0472998321486344	0.0332596058124792	0.0578202646896383	0.0514971794367153	0.0741135819273614	0.152064802327988	0	0.0402788746614418	0	0	0	0.0157841620267887	0	0.411126919672058	0.910781918999996
TCGA-25-1631-01	0.170711243352756	0	0.151471884696678	0.0109593582927458	0	0.186999870819071	0	0	0.0309553797954561	0	0	0.0485620906849785	0.0200672323800964	0.122884507940466	0.00383030643506018	0.166334858535025	0	0.0785695428377046	0	0	0	0.00865372422996174	0	0.152477549479029	1.01594536087161
TCGA-13-0893-01	0.0121477586954769	0	0.163030132581963	0.0896833813437254	0	0.134043138731085	0	0.0314604567927196	0.0918743745697051	0	0.00732176045257804	0.0607322153057576	0.0583281333434984	0.0866910920285183	0.0410748849941273	0.1289183736654	0	0.0721447222648866	0.022549575230559	0	0	0	0	0.294824971064032	0.959434472878963
TCGA-23-1122-01	0.11285622672277	0	0.112242338488444	0	0	0.240897173378125	0	0.0772763580279725	0	0	0.0212270783927345	0.0284080401838738	0.0681754644233382	0.0499949929268788	0.0413210917104899	0.131361490138129	0.0150318660877948	0.0676815997330139	0	0.0335262797864359	0	0	0	0.178431994951089	1.00403632600139
TCGA-13-2060-01	0.0656915454373551	0	0.144952419918196	0.0648039944710047	0	0.110606069700584	0	0.127083668085124	0.0288216290210796	0	0.00488060741461386	0.0422140103562832	0.0475432578321291	0.0571531132025809	0.0747323497463858	0.211141878239911	0	0.0203754565747527	0	0	0	0	0	0.34390280281641	0.939614805527652
TCGA-13-0890-01	0.075552424115336	0	0.188738149394577	0.0878290170407912	0	0.105453591902953	0	0.0724660654044996	0.0783050829035626	0	0	0.0509369717510186	0.0353815692324725	0.120468536230345	0.0552177638397454	0.129650828184699	0	0	0	0	0	0	0	0.292710939027309	0.96032297581676
TCGA-59-2350-01	0	0.0228107871637395	0.181132241657464	0.0466777134552563	0	0.0579492907325376	0	0.0929875809042463	0.0368631190450559	0	0.0423450679611552	0.0171887004904133	0.096986568776855	0.149732133326832	0.0450707546390897	0.130172629622316	0	0.0625998556167059	0	0.0174835566083334	0	0	0	0.230145919438952	0.983968037556897
TCGA-WR-A838-01	0.0800354970194023	0	0.24165166823497	0	0	0.0389327193998537	0	0.170790257623411	0.0423229985565088	0	0	0.0918176946335297	0.0104738665351415	0.123497469204712	0.000625730001569387	0.0412144201261744	0	0.158637678664727	0	0	0	0	0.56	0.0521412849265216	1.05315937895137
TCGA-24-1467-01	0.0236178864483915	0	0.170887457928764	0.0735384715037976	0	0.141427192232522	0	0.163196669397571	0	0	0	0.0503909711794758	0.0381298234518521	0.0795949739266164	0.0459321453642044	0.172950130511783	0	0.0307534057622421	0	0	0	0.00958087229278049	0	0.198634697674283	0.99846618295086
TCGA-09-1673-01	0.0416226509082169	0	0.124310132569394	0	0	0.117099814994862	0	0.185883742544918	0	0	0.0401806899697376	0.0316985999966929	0.0991595147530289	0.0245375185438092	0.0213851165544688	0.204430150603478	0	0.109692068561394	0	0	0	0	0	0.172787582918022	1.00707060104012
TCGA-24-1544-01	0.118681449637106	0	0.136762713716571	0.178380580475682	0	0.066554958638939	0	0.075876976325309	0	0	0	0.0708858827156554	0.0533782562785907	0.125597083784738	0.0039854145641339	0.12086797552887	0	0.0490287083344049	0	0	0	0	0.27	0.0863733925308626	1.04576484626122
TCGA-04-1364-01	0.316657833562798	0	0.194587348912594	0	0.0688414057683808	0.0725771712816479	0	0.0180432616791304	0	0	0	0.0956553915643234	0.00675203752176184	0.108165281288887	0	0.118720268420476	0	0	0	0	0	0	0.88	0.0208971928481274	1.08063734465503
TCGA-61-2102-01	0.0457019951754909	0	0.140318535211182	0	0	0.19785005606039	0	0.0104565322371063	0.0679678055826283	0	0	0.0790647218842371	0.105101464038532	0.079324763487761	0.028278347314424	0.229909576455534	0	0.00235844486938621	0.0109329000537392	0	0	0.00273485762958883	0	0.163821924527102	1.01248964480445
TCGA-24-1550-01	0.152998244845806	0	0.137930585654766	0.00838320262599157	0	0.217883713808063	0	0.0678280107120415	0.00424392988177063	0	0	0.0419549015254226	0.0362608155913587	0.0925731094768511	0.0388700612427752	0.150339767313307	0	0.0256545389041539	0	0	0	0.0250791184176934	0	0.272314846303144	0.968494917999417
TCGA-24-1419-01	0.101597587863063	0	0.217349280236969	0	0.0226123235239352	0.0341192859667367	0	0.111886677555603	0.052204170595932	0	0	0.0471801298065095	0.0762145568987008	0.18280491255163	0.028210278975429	0.0682581590215947	0	0.0575626370038977	0	0	0	0	0.39	0.0738760384328337	1.04026175169833
TCGA-24-1849-01	0.0548032857594539	0	0.0375756511320702	0.158045332330847	0	0.140707610633903	0	0.0477671072321507	0.0601116297024945	0	0.0105800971690873	0.036070819704558	0.0750747924599201	0.0526662543760516	0.0487137757281524	0.205238771710999	0	0.0310073655356929	0.0180832535691173	0	0	0.0235542529555015	0	0.379236587551773	0.925500774348777
TCGA-25-1320-01	0.125604891450096	0	0.0810031538842797	0.0528980556857631	0	0.236033533190551	0	0.0827321957185427	0	0	0	0.0507303317320678	0.0446908044412515	0.037742096087738	0.0346217087031296	0.135091175981741	0.0375967838291176	0.0422790491608177	0.00665388363808267	0.015097986053192	0	0.0172243504436307	0	0.213627183437194	0.99362756798691
TCGA-30-1861-01	0.0998651073223982	0	0.1202055023723	0.0302062012287638	0	0.301635594687647	0	0.0652228454310994	0	0	0.0104203386423411	0.0187749210612278	0.0308774332898573	0.032176321353065	0.0540869130105511	0.186086149838953	0	0.0333789364021	0	0.0170637353596954	0	0	0	0.142597014142928	1.0225087080923
TCGA-13-1410-01	0.0284055291968166	0.0104928681840352	0.0866974961758783	0.0219315187706173	0	0.192056402269695	0	0.108868703290845	0	0	0.0334632888624674	0.0207494932756501	0.0965461431421209	0.0731355046531524	0.0748916977038761	0.173496144649726	0	0.0732029789972758	0	0.00606223082784427	0	0	0	0.300275285050318	0.959058451369328
TCGA-25-1627-01	0.117617270838873	0	0.15088409755213	0	0	0.258509346198959	0	0.0770747486048292	0	0	0	0.0712606835816635	0.0358262476642486	0.100302130990417	0.0329994920827416	0.132091818848882	0	0.0133393125443274	0	0.004437889805044	0	0.0056569612878845	0	0.200532629478438	0.998262778665633
TCGA-30-1857-01	0	0.15144525509218	0.0398309978600523	0.0403977154516909	0	0.0886602395809515	0	0.0733827486449416	0.0926230103291217	0	0	0.0568866184631781	0.0850528713032725	0.067610926527587	0.0768272145533145	0.152228823073085	0.0390591765554765	0.0323819494771737	0.00361245308797496	0	0	0	0	0.331708573478291	0.945318437831951
TCGA-13-0920-01	0.0400449851503394	0.0381910055252705	0.216264634968311	0	0.0349796647312173	0.0703050374145067	0	0.110221545651632	0.0262296672407199	0.0181517143339783	0	0.0659956111476477	0.0721250169816771	0.0593110197815162	0.0379819484465295	0.157315711814255	0	0.0528824368123995	0	0	0	0	0	0.19762049743866	0.993236020451129
TCGA-09-0367-01	0	0.0650282037210342	0.0673901080624109	0.000753918735379154	0	0.168919266879776	0	0.135403538563004	0.0365534255957503	0.0032934695335347	0	0.0936677768218856	0.0528851273303238	0.0213417808165734	0.0405725422413488	0.161242404376481	0.081909667209188	0.0299855660567697	0	0.00843845641833596	0	0.032614747638205	0	0.279647513829786	0.967182728214438
TCGA-24-1416-01	0.0572172742380302	0	0.19044507798675	0	0	0.159677060492623	0	0.118023558611031	0.0606813746818322	0	0	0.089537119957937	0.0485073232865989	0.0940337002742033	0.0238867581020564	0.109746740600008	0	0.0257165927503447	0	0.00381870364663094	0	0.0187087153719546	0	0.158132259379552	1.01231284711409
TCGA-24-0975-01	0.0536034109575579	0	0.109841607838951	0.133133793167768	0	0.148144202211558	0.0135335737592458	0.0208431408376045	0.0848193011637633	0	0.0334517086356037	0.0249400006891004	0.0638379938382371	0.089808110431507	0.04378404156322	0.169542743914124	0	0.0107163709917593	0	0	0	0	0	0.277146727258856	0.968928248119619
TCGA-24-2293-01	0.0252587862145051	0.00434024696101941	0	0.123931041092346	0	0.217241187387157	0	0.0560942124201733	0.0641981225949897	0	0.00633945308457778	0.031947705712988	0.0941716160179886	0.05010061990856	0.0661985451780343	0.193352665740827	0	0.0529681682896634	0	0	0	0.0138576293971704	0	0.328491957431525	0.951542993327057
TCGA-61-1743-01	0.104541240031051	0	0.26753545562149	0	0	0.0839550502865844	0	0.124485376036084	0	0	0	0.0712336543978268	0.0323765840155238	0.0399358323958265	0.0300411917603257	0.149391814780584	0	0.0965038006747041	0	0	0	0	0	0.198197770710101	0.992481752795209
TCGA-31-1944-01	0.0955655563178987	0	0.0910571961011466	0.0433412437203699	0	0.220699391999792	0	0.0735480254164042	0.00546941422801041	0	0.0169025693027912	0.0230158439827083	0.0372396448606467	0.135889691822507	0.0384807863307598	0.150061598737809	0	0.0424336941329413	0	0	0	0.0262953430462144	0	0.261175513373302	0.975408280368984
TCGA-25-1317-01	0.0984749101200626	0	0.197869520148645	0	0	0.160122913741812	0	0.075208722952788	0.0168235490437878	0	0	0.0388016516555073	0.0347665150186601	0.131690151521672	0.0437574962406577	0.125442345329618	0	0.0287119779451823	0	0.019712321126355	0	0.0286179251552519	0	0.184068666254573	0.999682058552031
TCGA-25-1635-01	0.0452624576383656	0	0.123105588683103	0.0438630681558574	0	0.1320469991657	0	0.104807926953751	0.0527458309109649	0	0.0503186681447369	0.016355120764562	0.0295729607578028	0.121009877657639	0.043740640041163	0.185697174584595	0	0.0514736865417586	0	0	0	0	0	0.293235428933922	0.961182964291361
TCGA-29-A5NZ-01	0.0528923505776806	0	0.0693792751994368	5.68848136255355e-05	0	0.230303227161881	0	0.15209848179427	0.00912379281934346	0	0.0313747050420218	0.0278614104294026	0.0457336288065644	0.107351047088188	0.0540424760006423	0.135298470860421	0.00566103876691316	0.0788232106396108	0	0	0	0	0	0.200808297748734	1.00267498053931
TCGA-25-1628-01	0.0341462172724804	0	0.0794192088510869	0.160456180979809	0	0.120435181610175	0	0.0918692087876676	0.0336834027504173	0	0	0.0676791323664683	0.033614617478745	0.0746370871243428	0.0632306336906325	0.15847963421288	0	0.0281848535759256	0.0432569891858853	0	0	0.0109076521134844	0	0.313649106821	0.95478669249167
TCGA-24-1553-01	0	0.0507072629347937	0.13436608632104	0.18204207209051	0	0.0711904612427307	0.00489345244386285	0.0963408875960632	0.0528318065127867	0	0	0.0590360024214145	0.0200690964307174	0.0545040162812818	0.0564607957805059	0.18786347449338	0	0.0193195459922091	0	0	0	0.0103750394587045	0	0.39011923721845	0.920325185369181
TCGA-61-2092-01	0.162236977877322	0	0.222304201120285	0	0	0.201347297130275	0	0.056403776537082	0.0423975856769294	0	0	0.0547532623214519	0.0388062796816132	0.0695900570899161	0.00417992627338033	0.106533785647144	0	0.0402929309741796	0	0	0	0.00115391967042186	0.18	0.099824628762884	1.03132772028144
TCGA-25-1329-01	0.0551799202468331	0	0.221719162474962	0.0363989273493629	0	0.159758783627313	0	0.115103898243038	0.00633291476663536	0	0.025777482833498	0.00439127352320865	0.0308456815962087	0.0487559674792219	0.027960571585236	0.192715725554305	0	0.0604732758145734	0.00223152590716458	0	0	0.0123548889984399	0	0.227720287927377	0.982408524825004
TCGA-24-1844-01	0.172044222882844	0	0.187208505492794	0	0	0	0	0.145241272040929	0	0	0	0.0767274097881897	0.0325265328413147	0.0998006768773225	0	0.203865462470867	0	0.0825859176057388	0	0	0	0	0.36	0.0753175602682946	1.04314255515534
TCGA-24-1603-01	0.0810577516520469	0	0.157362025939296	0.0112437995619939	0	0.0658458896706012	0	0.10537810720767	0.0586024468158324	0	0	0.0704357147868701	0.0722688592115871	0.100060113221037	0.0622440790381284	0.121523876257648	0	0.0230080127828105	0	0.0239410703469083	0	0.0470282535075702	0	0.185309203986376	1.00129412137549
TCGA-09-2044-01	0	0.0414631095023934	0.057171802064707	0.0838684571574376	0	0.0873495171497414	0	0.115209152645935	0.087754524852913	0	0.0130497218177545	0.0395488159650132	0.0737211168919343	0.0817090181906223	0.0718954033144883	0.201757143293199	0	0.000939430458474414	0	0.0392447317356063	0	0.00531805495978025	0	0.294540797648756	0.962636122134678
TCGA-61-2008-02	0.0393096254559133	0	0.0823707610964163	0.188805937901376	0	0	0	0.12580446763359	0.0693847423304931	0	0.0309037043505312	0.0793983269328808	0.0377506171617272	0.0385128942625867	0.0749161156355458	0.180690353446187	0.0355454156786898	0.0166070381140632	0	0	0	0	0	0.340630795503339	0.944798249576054
TCGA-23-2078-01	0.138213883908249	0	0.0769731880492715	0.059005977240292	0	0.119224545792927	0	0.149409291495591	0	0	0.00116267549129751	0.0344878704318167	0.0700719125792365	0.0638570747886075	0.0978768064706905	0.120304857498499	0	0.0241010968255268	0.0453108194279951	0	0	0	0	0.350111759811511	0.937330561162783
TCGA-20-1683-01	0.112262129650135	0	0.297678062057424	0.0739633222092482	0	0.104070177135964	0	0.0743811842705785	0.00956977799182353	0	0	0.0313173223441311	0.00345790155954323	0.0907837182724431	0.0285715130925828	0.115716248027328	0	0.0175906099725909	0.0404123761979497	0	0	0.000225657218257014	0	0.244335999695904	0.97504501819047
TCGA-13-1505-01	0.1138764856766	0	0.169678295681608	0.0549353765343026	0	0.104036520168458	0	0.154379204801805	0.00351939572455897	0	0	0.051856173870175	0.0543961698257317	0.0715242252209425	0.033039456301297	0.116487873742822	0	0.0380410046359371	0.0342298178157612	0	0	0	0	0.225258552497854	0.98412083636672
TCGA-24-2254-01	0.117703817961469	0	0.059502609471522	0	0	0.239180076357637	0	0.0484523280278171	0.0206409526833986	0	0.0204960117201205	0.0302083220092428	0.0914214815779821	0.0968847255047577	0.0122280141838126	0.154961336360908	0	0.0134072539438297	0	0.0822714075055847	0	0.0126416626919189	0	0.164576043208516	1.01438649305102
TCGA-23-1120-01	0	0.0570497719819738	0.0941015684058191	0.120587550545203	0	0.0714723674708747	0.00922489799074008	0.0969380798552293	0.0481648372565674	0	0	0.0742138625793681	0.0785989837246345	0.0835020047124528	0.0683648435356167	0.133790042347867	0	0.044601102453445	0.0143870309850356	0	0	0.00500305615517241	0	0.339077157435753	0.942424040584043
TCGA-24-1546-01	0	0.0553849097081201	0.170476446581429	0	0	0.143684090106657	0	0.0685460024889895	0.0139741150580851	0	0	0.0609464148281871	0.0549575380693767	0.0315184338523044	0.0232083820632404	0.124100279265365	0.105714933497969	0.0545730684740884	0	0.0424847568354315	0	0.0504306291707577	0	0.252575462665244	0.972478341072115
TCGA-24-1557-01	0.0612811316814587	0	0.175488845006917	0	0	0.218037459277558	0	0.110365999294295	0	0	0	0.06986776533996	0.0832556031536046	0.0604444370342957	0.0436481619546431	0.133423915988546	0	0.0441866812687205	0	0	0	0	0	0.153882142579939	1.01290260542623
TCGA-59-2351-01	0.00829316384922384	0	0.220048438110334	0.0553649245016216	0	0.201848219164826	0	0.0408502214934229	0.046764324708767	0	0	0.0509483082875565	0.045963903310448	0.0749481174689938	0.0626567069058678	0.17922491584181	0	0.0130887563571283	0	0	0	0	0	0.338862810720962	0.941591080351675
TCGA-24-2289-01	0.0953498647737122	0	0.0903130403293756	0.0147160118885486	0	0.200757003002915	0	0.0619279938727634	0.0543816947559953	0	0	0.0302610527095204	0.0941360669067417	0.10380459296387	0.0236549104812331	0.154059604628143	0	0.0474579116542567	0	0.0220960699003844	0	0.00708418213253987	0	0.224003441584584	0.98805998954494
TCGA-13-1481-01	0.0516218373526916	0	0.238503291140536	0.0549624611460204	0	0.0664635646773034	0	0.155618693644925	0.0223894619009825	0	0	0.0624021314185821	0.0569847842881316	0.0727886392342681	0.0433422397996846	0.14163017794469	0	0.0218605203420722	0	0.011432197110113	0	0	0	0.263037690367127	0.96971236240007
TCGA-25-2397-01	0.0714810398177352	0	0.0944380143688037	0	0	0.235803905851264	0	0.0710741140344903	0	0	0.0302759786216591	0.0765511644989684	0.0784745730428771	0.0877947535120008	0.00210726066313196	0.174970602807994	0	0.0585059974387902	0	0.00367833125040901	0	0.0148442640918762	0	0.151261737207763	1.01991813473892
TCGA-09-2045-01	0.0651763112428702	0	0.0979192057610551	0.0713465043175178	0	0.131318395426397	0	0.055546260555657	0.126041945810415	0	0	0.0822747889002458	0.0283541455472062	0.0424036937740336	0.0314661795552813	0.17127279194946	0	0.068587540281548	0	0	0	0.0282922368783135	0	0.187363833669719	1.00719362889103
TCGA-24-2290-01	0	0.13654173904143	0.0117028462792346	0	0	0.23470862314367	0	0.0628662765429421	0.0283088035149322	0	0.0246360482502059	0.00304958596996557	0.0556051707494652	0.0294247435893719	0.0378777541680381	0.182771159068504	0.0321371830359598	0.0941196542995572	0	0.0275171855251007	0.00634272490094278	0.0323905019206805	0	0.264903292897759	0.973097034133763
TCGA-61-2000-01	0.00951080147814483	0	0.0744581194004157	0.0777448414189093	0	0.235631796680607	0	0.0675355320316208	0.0627406694289552	0	0	0.100546290407146	0.0470906245457308	0.084754031267072	0.0470732977870219	0.115011620725339	0.0384193451407064	0.0255762392174826	0.00337012598655829	0	0	0.0105366644842902	0	0.28591538184901	0.970078998925258
TCGA-09-2048-01	0.104319379596726	0	0.173491769585616	0.0161077041913899	0	0.129490162485182	0	0.100083703827675	0.0729748478728571	0	0	0.0298643516818017	0.03603314755259	0.06814771562652	0.00199191250086095	0.160994280797227	0	0.0183089616436499	0	0.084673539031512	0	0.0035185236063917	0.23	0.0969986214963184	1.03243546687112
TCGA-61-1907-01	0.0705454251735903	0	0.126438191329196	0.0768819294479386	0	0.14480747512627	0	0.0886500327386783	0.0846146119643772	0	0.0142599721177011	0.0352831977511029	0.0734304233578882	0.0128960380706768	0.0702155038543523	0.16960798285096	0.0100353395197338	0.0215918954407948	0	0.000741981256739921	0	0	0	0.407504959144438	0.912513341274722
TCGA-23-1111-01	0.167895267507748	0	0.0885805917571313	0	0	0.223039040417159	0	0.111491723711156	0	0	0	0.065051064709564	0	0.0673650141957055	0.0152662150366583	0.181120267480044	0	0.0724190133150607	0.00777180186977285	0	0	0	0.34	0.0785763041456763	1.04980189966193
TCGA-31-1959-01	0.0283907807607521	0	0.0412699737986442	0.0839524300729869	0	0.201895590515119	0	0.114476304037257	0.0253069941697823	0	0	0.0444790096332929	0.0353402045604675	0.086036184395965	0.0466241449992906	0.199062490758271	0.0224832787111035	0.0495797133268551	0	0	0	0.0211029002602138	0	0.337972486192649	0.944901812357568
TCGA-24-1560-01	0.12443199092651	0	0.170558938240878	0.00737238753577386	0	0.0873355919119085	0	0.142384704631582	0	0	0	0.0635209742607893	0.027319319345875	0.129078828390612	0.0317031654906068	0.147437902753231	0	0.0688561965122345	0	0	0	0	0	0.148053221552334	1.01573583083116
TCGA-29-1783-01	0	0.00578470955460623	0.0995340745918173	0.0799154403482322	0	0.218759055420305	0	0.10855929836282	0.0179116067212311	0	0	0.0503202734338792	0.0917015921203299	0.0250637322786731	0.0669916736772995	0.177539588751449	0.0277698986245752	0.0215955544838855	0	0	0	0.00855350163089688	0	0.280308008825247	0.968537080582503
TCGA-59-2348-01	0.0602264736113954	0	0.221408342239786	0.0489146123819926	0	0.0502738066953752	0	0.141259093260909	0.00294867589923228	0	0.0119264883513614	0.0423625412068901	0.0420683124061582	0.0638391449855873	0.0375383507460632	0.166598794687674	0	0.0689190434303338	0.0249226465600027	0	0	0.0167936735372392	0	0.265936989373827	0.967379908776208
TCGA-24-1424-01	0.114745307014676	0	0.128933354054738	0	0	0.153300904486138	0	0.117496753095656	0	0	0.00271810934123411	0.0346250631652598	0.0318650065668281	0.119553123555058	0.025838316457813	0.166091630007337	0	0.0837543724230323	0	0	0	0.0210780598322296	0	0.224014228062449	0.987587318415519
TCGA-13-1507-01	0.050529274396361	0	0.134533771784194	0.0756500088575032	0	0.123646168063091	0.0252054593233245	0.097927344903346	0.00229762357800665	0	0.0172968516718688	0.0374536651418322	0.0581295908300024	0.102969878366607	0.0538650429492439	0.151575986609366	0	0.0370698310658796	0.0234473289403666	0	0	0.00840217351900756	0	0.395017130181326	0.918220366823871
TCGA-25-2404-01	0.0807511810334689	0	0.133172779309773	0.056380110838371	0	0.193639609240707	0	0.0953870432482252	0	0	0.00836050822409188	0.0330363868976818	0.0287117312351968	0.085131873145478	0.040198791819136	0.162505533841601	0	0.065032530923973	0	0	0	0.0176919202422954	0	0.225816965046122	0.987428932639346
TCGA-61-2095-01	0.0328872299341085	0	0	0.00277841243611046	0	0.236361752746545	0	0	0.0871654419091514	0	0.0776697114091885	0.065907065331014	0.10742511357991	0.0499880845172181	0.0138973300065161	0.146722139653078	0.110239857847654	0.0324981918025202	0.0237948473376654	0	0	0.0126648214893197	0	0.286517859756613	0.967782199998404
TCGA-29-1702-01	0.0750765999285444	0	0.170357281365136	0.0135015416715716	0	0.10527337524856	0	0.120921119335474	0	0	0	0.0969648293447617	0.038898848090302	0.108743632882728	0	0.199753718810948	0	0.041622828539735	0	0.0248290296834696	0	0.004057195098769	0.5	0.0607447114887978	1.05040586343577
TCGA-24-1417-01	0	0	0.110204036211514	0.0841349993214626	0	0.159798131939901	0	0.0851829214199089	0.0432526924058625	0	0.00561903430304554	0.0654149510056504	0.0867658403408152	0.0519365637540403	0.0480028537669597	0.14753121067095	0	0.0870284034226207	0.0251283614372702	0	0	0	0	0.360274575613895	0.933145537703697
TCGA-57-1585-01	0.0811675261945939	0	0.0818003069251207	0.0762625680198199	0	0.221849445259377	0	0.0543203584922843	0.0455250714569564	0	0.0202704849438268	0	0.0796066951054686	0.0306799389354079	0.0373586603923608	0.11712313493714	0.0643988809691849	0.0153260602354821	0	0.0607618983536499	0	0.0135489697793267	0	0.271657505187732	0.96854522774523
